result for 01/03/2020


test finished!!
incorrectrate rate = 0.747000

Process finished with exit code 0

train finished!!
train epoch : 5
nodes in hidden layer : 30
time for training with 1 image : 41.329267
0.094844	0.107923	0.133064	0.171838	0.175525	0.117165	0.112609	0.158342	0.160526	0.160679
0.100814	0.125608	0.144135	0.160419	0.155303	0.122150	0.120881	0.144481	0.163376	0.161260
0.097852	0.121740	0.139095	0.161000	0.155541	0.116305	0.117632	0.145141	0.155786	0.157783
0.100382	0.112322	0.131642	0.160117	0.143157	0.116184	0.117688	0.137536	0.147191	0.146050
0.136576	0.128007	0.158370	0.173153	0.170771	0.145940	0.160728	0.150635	0.198887	0.181825
0.097778	0.114120	0.132519	0.160628	0.145694	0.116622	0.117951	0.145278	0.145837	0.145485
0.109802	0.137681	0.156266	0.172699	0.177905	0.132384	0.138679	0.162495	0.181752	0.177409
0.110284	0.142891	0.160647	0.186859	0.210625	0.135882	0.146178	0.181677	0.203626	0.197136
0.178117	0.093397	0.135583	0.147140	0.143616	0.150352	0.183006	0.116700	0.212906	0.156525
0.111807	0.116651	0.140485	0.155383	0.142810	0.123036	0.128141	0.132163	0.161353	0.153823
0.098843	0.128919	0.146424	0.160958	0.156472	0.120754	0.121608	0.145108	0.166317	0.164049
0.125584	0.119000	0.142946	0.154293	0.149503	0.130102	0.146701	0.138430	0.175209	0.162703
0.107967	0.116010	0.139719	0.166180	0.158253	0.125366	0.129226	0.152492	0.158215	0.153883
0.107331	0.107024	0.138643	0.185180	0.191540	0.127058	0.125270	0.171396	0.168598	0.166667
0.149500	0.096682	0.130488	0.142705	0.119488	0.135349	0.162667	0.118924	0.166256	0.139411
0.097018	0.116062	0.133395	0.155043	0.134559	0.112383	0.120508	0.134184	0.142788	0.142792
0.116881	0.124019	0.146759	0.152832	0.139379	0.128929	0.137945	0.135689	0.167237	0.158480
0.128642	0.117712	0.144784	0.151009	0.139325	0.133061	0.147062	0.130548	0.175898	0.155781
0.100554	0.136152	0.155287	0.171653	0.173553	0.122962	0.130829	0.156314	0.178476	0.175132
0.093744	0.121232	0.140547	0.163441	0.168342	0.110287	0.116187	0.152787	0.157632	0.159892
0.099519	0.135329	0.152844	0.167493	0.166951	0.120544	0.128147	0.152265	0.171178	0.169315
0.095811	0.104118	0.125973	0.165148	0.158778	0.110883	0.111884	0.149594	0.144311	0.146879
0.122956	0.119980	0.144506	0.152660	0.137152	0.129598	0.142842	0.131628	0.168645	0.152369
0.098374	0.128303	0.145003	0.167038	0.173348	0.117275	0.123660	0.158382	0.167318	0.167765
0.097748	0.082867	0.105852	0.164137	0.152968	0.110622	0.100013	0.144051	0.128934	0.127028
0.086892	0.113890	0.127831	0.153746	0.147171	0.110388	0.101943	0.139958	0.141852	0.148357
0.096753	0.104672	0.131340	0.156432	0.154343	0.116594	0.108508	0.131244	0.166431	0.151141
0.087107	0.113398	0.127514	0.153854	0.145959	0.107130	0.101280	0.137492	0.136685	0.143246
0.100985	0.091420	0.121264	0.149811	0.140697	0.116220	0.106103	0.119519	0.161012	0.142149
0.090062	0.101664	0.123393	0.152461	0.142083	0.104607	0.104148	0.129340	0.139133	0.132608
0.095551	0.111036	0.127569	0.152268	0.132103	0.111282	0.112671	0.131943	0.135787	0.137969
0.089900	0.120563	0.133378	0.152318	0.137802	0.110014	0.107839	0.136135	0.138037	0.145053
0.091635	0.112008	0.130863	0.149322	0.146941	0.113859	0.103867	0.132560	0.155258	0.150017
0.098165	0.112890	0.133728	0.148163	0.126901	0.113371	0.115115	0.124722	0.143110	0.142315
0.098870	0.111189	0.128146	0.144792	0.127331	0.112973	0.112715	0.124517	0.141826	0.139715
0.146363	0.078208	0.117431	0.125896	0.094537	0.128111	0.150568	0.096676	0.164824	0.129022
0.088723	0.114708	0.126467	0.149587	0.136054	0.103878	0.101265	0.131740	0.127217	0.136960
0.092273	0.115806	0.128432	0.150413	0.136065	0.107051	0.106053	0.133241	0.132017	0.138547
0.090742	0.114974	0.130620	0.146570	0.133402	0.107168	0.105986	0.126651	0.140333	0.142691
0.089374	0.115885	0.130512	0.149380	0.134233	0.105740	0.106756	0.130239	0.133440	0.141458
0.098744	0.113350	0.131028	0.145498	0.121440	0.106951	0.117173	0.122254	0.132609	0.134982
0.089555	0.116588	0.130669	0.150982	0.135049	0.105708	0.105452	0.130212	0.132887	0.141506
0.090652	0.117784	0.133113	0.153517	0.136457	0.108451	0.109234	0.130304	0.139417	0.141004
0.094550	0.112337	0.129395	0.149217	0.125991	0.108309	0.111800	0.125354	0.133947	0.138083
0.085068	0.114020	0.129525	0.148117	0.142631	0.104340	0.099199	0.131046	0.140693	0.140854
0.091855	0.114754	0.130170	0.151700	0.130540	0.108084	0.109618	0.128846	0.134534	0.137625
0.093002	0.117194	0.131589	0.149564	0.129330	0.108459	0.111436	0.129011	0.133797	0.139464
0.103414	0.106489	0.130620	0.139961	0.112809	0.109472	0.121545	0.112934	0.141058	0.137382
0.095912	0.108991	0.129527	0.143897	0.120548	0.106081	0.112421	0.119038	0.135595	0.137545
0.108660	0.066445	0.091587	0.161050	0.132727	0.106798	0.103925	0.129079	0.110377	0.106883
0.098893	0.106524	0.131093	0.140096	0.114370	0.106059	0.113520	0.112688	0.139229	0.140050
0.090189	0.113265	0.131500	0.145565	0.128511	0.107621	0.106600	0.127402	0.138534	0.143656
0.099933	0.103590	0.130557	0.142225	0.115112	0.103985	0.114349	0.111395	0.136996	0.134147
0.084519	0.097557	0.115035	0.189133	0.185050	0.129862	0.082235	0.181100	0.150618	0.165788
0.090105	0.108157	0.129255	0.148143	0.126723	0.104592	0.103962	0.124167	0.133329	0.138563
0.108117	0.101853	0.128889	0.136876	0.107443	0.115631	0.124687	0.110530	0.148435	0.140837
0.091352	0.108425	0.127713	0.146226	0.130248	0.105885	0.103757	0.123838	0.138403	0.137114
0.102322	0.079185	0.105938	0.167705	0.158774	0.115864	0.104391	0.146122	0.137378	0.128071
0.094571	0.116299	0.132743	0.150605	0.137630	0.114451	0.115552	0.134499	0.150588	0.151930
0.088729	0.114679	0.129189	0.149498	0.138083	0.107141	0.103981	0.132293	0.137917	0.141893
0.098374	0.111799	0.131058	0.152078	0.128862	0.113577	0.121351	0.127967	0.145790	0.142830
0.121297	0.100494	0.124966	0.175134	0.154407	0.146418	0.123028	0.157573	0.168556	0.166875
0.095972	0.102037	0.120244	0.151048	0.127761	0.109299	0.107787	0.130665	0.128265	0.136442
0.092498	0.117211	0.132742	0.153098	0.138693	0.112098	0.111587	0.137621	0.142002	0.145452
0.093406	0.114526	0.132445	0.152118	0.132174	0.114088	0.114005	0.131328	0.147078	0.147458
0.198730	0.071697	0.110441	0.148795	0.140729	0.160051	0.182787	0.138302	0.192894	0.159084
0.088488	0.103652	0.124838	0.151418	0.144508	0.112270	0.102368	0.134968	0.148254	0.138022
0.108166	0.073698	0.103415	0.163939	0.148446	0.114933	0.108305	0.140070	0.134215	0.122206
0.090426	0.107519	0.132393	0.147270	0.134523	0.113153	0.103819	0.124881	0.158307	0.147919
0.101578	0.121922	0.140105	0.151493	0.142125	0.114976	0.121050	0.132328	0.156411	0.152194
0.100268	0.128515	0.146724	0.161759	0.157236	0.117480	0.126360	0.149337	0.159136	0.159516
0.083935	0.121443	0.136325	0.163247	0.161418	0.108938	0.101192	0.146158	0.147708	0.153213
0.116891	0.102519	0.127802	0.140609	0.123811	0.113509	0.130329	0.118677	0.147047	0.136144
0.146637	0.085161	0.118873	0.121517	0.099023	0.112841	0.154493	0.096010	0.152195	0.125962
0.099629	0.102870	0.122734	0.151925	0.124333	0.100451	0.112377	0.121526	0.118358	0.124853
0.101629	0.102048	0.123485	0.148625	0.123435	0.101354	0.113383	0.119030	0.122921	0.127707
0.114769	0.088064	0.115567	0.148139	0.107422	0.098692	0.126126	0.109606	0.110678	0.113930
0.158649	0.100667	0.134961	0.145439	0.129015	0.143694	0.168062	0.122938	0.178951	0.149752
0.133560	0.096836	0.127869	0.130027	0.106038	0.114777	0.146839	0.102754	0.153949	0.131636
0.089504	0.119945	0.136081	0.151332	0.140681	0.104780	0.106468	0.132000	0.137951	0.141990
0.090232	0.111620	0.129523	0.154513	0.141419	0.105306	0.105019	0.133452	0.133408	0.138045
0.105244	0.113895	0.133731	0.143720	0.129258	0.108726	0.121247	0.123077	0.144599	0.140167
0.094531	0.136724	0.154900	0.172504	0.184656	0.120757	0.126048	0.162241	0.180183	0.174119
0.093082	0.113414	0.137011	0.180181	0.194806	0.120469	0.111781	0.171891	0.168908	0.172787
0.114927	0.138024	0.157331	0.177632	0.185765	0.136925	0.147168	0.166219	0.193959	0.186562
0.104539	0.116602	0.134080	0.154435	0.136960	0.120000	0.126858	0.137783	0.151361	0.148838
0.095353	0.116760	0.134074	0.153177	0.136539	0.115285	0.115973	0.134088	0.149134	0.145226
0.112639	0.125115	0.150471	0.166167	0.163279	0.130903	0.134010	0.139877	0.182252	0.168108
0.090675	0.119079	0.133735	0.158002	0.149152	0.114405	0.110329	0.142413	0.150174	0.153844
0.095980	0.124034	0.142362	0.162958	0.161400	0.116966	0.115354	0.150997	0.159372	0.164253
0.107233	0.121390	0.156307	0.180137	0.198121	0.134323	0.132775	0.151860	0.208632	0.184039
0.098583	0.132372	0.149220	0.159578	0.158245	0.118942	0.122017	0.150905	0.164580	0.163457
0.114644	0.095117	0.131126	0.180291	0.202780	0.120571	0.125936	0.176537	0.164012	0.157372
0.096114	0.128042	0.146401	0.165777	0.174471	0.118208	0.119459	0.157704	0.170355	0.169160
0.135183	0.110177	0.137584	0.153056	0.134451	0.135721	0.154465	0.135898	0.168865	0.155803
0.119636	0.126612	0.146587	0.161754	0.153368	0.133264	0.144291	0.146130	0.175131	0.167944
0.116508	0.124925	0.144162	0.163583	0.150580	0.132063	0.142468	0.148643	0.166833	0.160598
0.119852	0.113559	0.136996	0.152619	0.133253	0.131972	0.145420	0.133760	0.170469	0.154726
0.119165	0.132132	0.152858	0.169100	0.165103	0.132819	0.146491	0.153161	0.178804	0.174469
0.105647	0.106483	0.128549	0.166007	0.149905	0.120370	0.127697	0.145782	0.151255	0.143231
0.149534	0.059383	0.096556	0.129184	0.106363	0.104931	0.139636	0.098927	0.133421	0.102011
0.129971	0.081739	0.110164	0.124036	0.103916	0.116836	0.127757	0.102883	0.154199	0.134246
0.125248	0.073166	0.101567	0.129983	0.113023	0.111662	0.118054	0.105825	0.140260	0.119724
0.100634	0.074292	0.095945	0.145962	0.147060	0.108358	0.091970	0.129268	0.131890	0.121915
0.136532	0.054029	0.082300	0.144480	0.129098	0.114451	0.111840	0.119395	0.125688	0.099999
0.165327	0.061621	0.097514	0.121135	0.095722	0.102413	0.153237	0.096850	0.122603	0.096438
0.118364	0.074437	0.097544	0.138818	0.123496	0.104165	0.110586	0.116022	0.121308	0.116711
0.136777	0.073007	0.101225	0.124153	0.112440	0.099803	0.128081	0.105446	0.127125	0.112223
0.125811	0.077137	0.103615	0.129257	0.120803	0.106383	0.116046	0.105433	0.139660	0.122651
0.149422	0.055991	0.091162	0.130961	0.120801	0.102596	0.130868	0.104727	0.136505	0.102748
0.134484	0.059243	0.087712	0.139897	0.137311	0.104599	0.115089	0.116573	0.129839	0.106143
0.138715	0.058421	0.092757	0.135844	0.128156	0.104260	0.125736	0.108605	0.139933	0.104752
0.141004	0.061143	0.095729	0.130715	0.113242	0.102419	0.131847	0.104135	0.131329	0.106630
0.148847	0.058908	0.095861	0.135671	0.125144	0.103898	0.135381	0.105546	0.138736	0.106691
0.145458	0.056990	0.095673	0.140510	0.126687	0.105145	0.133359	0.107642	0.138534	0.105337
0.155753	0.056241	0.095222	0.137830	0.120095	0.108579	0.145435	0.102395	0.143048	0.102326
0.143720	0.060077	0.096588	0.142303	0.131180	0.105480	0.129693	0.109883	0.139232	0.106906
0.116390	0.083008	0.110765	0.136905	0.125778	0.103636	0.120929	0.114727	0.137238	0.123796
0.121813	0.062104	0.087355	0.137082	0.135985	0.109938	0.103797	0.118474	0.135702	0.112469
0.140891	0.058740	0.089318	0.133892	0.131857	0.103295	0.119642	0.111049	0.130537	0.102118
0.127091	0.069691	0.100919	0.135124	0.124202	0.103022	0.122530	0.108247	0.135257	0.114182
0.144523	0.055282	0.085513	0.127477	0.119874	0.105581	0.116953	0.112938	0.126656	0.099336
0.140642	0.055930	0.087103	0.133605	0.128452	0.100500	0.118073	0.113647	0.124647	0.097262
0.142330	0.064089	0.098445	0.125105	0.109884	0.101733	0.132717	0.108159	0.126426	0.103425
0.121731	0.073783	0.109586	0.135217	0.119780	0.100137	0.123082	0.107164	0.138796	0.111713
0.140873	0.051881	0.080612	0.136040	0.123542	0.104407	0.117050	0.111238	0.120344	0.090941
0.154428	0.060959	0.093437	0.118866	0.107105	0.094939	0.136153	0.100789	0.123443	0.097386
0.161563	0.047708	0.082571	0.140794	0.109210	0.112770	0.138959	0.109056	0.120802	0.089656
0.152649	0.062802	0.094711	0.118886	0.103226	0.102849	0.136460	0.104836	0.126156	0.095306
0.146850	0.070930	0.110892	0.131124	0.106640	0.124678	0.139430	0.104771	0.153383	0.123004
0.136279	0.056703	0.084622	0.131497	0.121934	0.104968	0.114030	0.110911	0.124908	0.097642
0.135902	0.066638	0.094777	0.124428	0.108675	0.103771	0.120831	0.105273	0.126675	0.106353
0.131486	0.059238	0.086069	0.133652	0.121272	0.106006	0.111717	0.112346	0.123185	0.102920
0.145396	0.050104	0.080866	0.146529	0.118696	0.108106	0.125448	0.110616	0.119260	0.094293
0.138357	0.053564	0.081724	0.132736	0.115377	0.113039	0.114469	0.111541	0.125484	0.100487
0.134604	0.058125	0.083651	0.134674	0.124028	0.099800	0.111835	0.114668	0.113678	0.095357
0.152521	0.051309	0.083124	0.130585	0.105608	0.109050	0.132069	0.104518	0.122991	0.096530
0.153892	0.053152	0.084486	0.127864	0.095085	0.111390	0.135087	0.104756	0.115150	0.094699
0.115344	0.056207	0.078582	0.143950	0.139214	0.104286	0.092281	0.123529	0.115738	0.101792
0.135864	0.053709	0.081352	0.135111	0.130292	0.098348	0.111039	0.113196	0.119567	0.093290
0.163881	0.049481	0.082963	0.129183	0.109191	0.108121	0.136673	0.105390	0.125737	0.091996
0.119554	0.055951	0.081791	0.141401	0.131659	0.105327	0.099800	0.118679	0.119937	0.101208
0.117028	0.048773	0.078805	0.165918	0.150506	0.102780	0.098257	0.119671	0.115783	0.093808
0.188888	0.051181	0.090991	0.119681	0.107029	0.103059	0.162620	0.097064	0.134953	0.087415
0.145482	0.044989	0.076430	0.132376	0.105156	0.114268	0.128053	0.103328	0.124710	0.087049
0.153662	0.046270	0.078136	0.121691	0.110305	0.104520	0.123129	0.103205	0.126829	0.088645
0.192816	0.051407	0.091589	0.108131	0.084332	0.106927	0.174825	0.094242	0.131124	0.088098
0.150989	0.045957	0.080283	0.136321	0.111988	0.105818	0.131293	0.103683	0.123810	0.085578
0.144203	0.051416	0.080893	0.140639	0.110022	0.108714	0.123702	0.108472	0.114865	0.096217
0.154537	0.056135	0.089993	0.123925	0.106420	0.108509	0.134887	0.101949	0.133850	0.100214
0.178827	0.052730	0.089712	0.108810	0.091753	0.102729	0.151700	0.095772	0.129322	0.093748
0.169024	0.062850	0.108443	0.106757	0.095487	0.115233	0.153397	0.084601	0.177035	0.121574
0.162600	0.060884	0.094133	0.114383	0.100718	0.093817	0.143143	0.097066	0.121935	0.096511
0.179230	0.053747	0.091603	0.115286	0.091419	0.100391	0.162471	0.092169	0.126893	0.089524
0.144200	0.051986	0.086312	0.134247	0.110161	0.105874	0.127389	0.103669	0.127022	0.099057
0.172106	0.054309	0.095735	0.114112	0.083030	0.110450	0.157026	0.094938	0.129806	0.095572
0.152259	0.054299	0.087757	0.125372	0.104491	0.100435	0.136720	0.101435	0.122479	0.090409
0.157152	0.052376	0.086214	0.125968	0.116496	0.099368	0.131429	0.101513	0.129850	0.092963
0.127221	0.065410	0.089415	0.130348	0.125083	0.098460	0.108176	0.108048	0.122366	0.107620
0.127317	0.059562	0.084312	0.128551	0.130039	0.096048	0.104193	0.111357	0.121197	0.102083
0.131386	0.077910	0.107119	0.127337	0.104303	0.097441	0.130919	0.099680	0.122844	0.112168
0.117276	0.071681	0.092505	0.130918	0.123194	0.101953	0.102262	0.113537	0.119424	0.116590
0.122594	0.064347	0.085298	0.137849	0.122390	0.098469	0.102050	0.116290	0.103734	0.105384
0.132237	0.061729	0.084050	0.132453	0.118466	0.097691	0.108982	0.109667	0.108450	0.098232
0.124538	0.059464	0.082482	0.141422	0.123295	0.099222	0.102572	0.114704	0.104679	0.100254
0.120574	0.069428	0.089431	0.129522	0.120268	0.099128	0.100689	0.114502	0.111319	0.112688
0.126432	0.065786	0.088655	0.133959	0.125963	0.091840	0.108946	0.109264	0.109749	0.102653
0.185730	0.048059	0.092871	0.116689	0.113503	0.129490	0.147857	0.087309	0.182055	0.111553
0.122198	0.055268	0.080520	0.142435	0.135637	0.102197	0.100328	0.114804	0.119275	0.099651
0.135873	0.073146	0.104014	0.126932	0.117039	0.096160	0.131950	0.101706	0.133975	0.110059
0.113667	0.067001	0.093167	0.152389	0.159243	0.104186	0.100289	0.126794	0.134603	0.113874
0.143128	0.078218	0.111897	0.126855	0.112238	0.100658	0.142045	0.100694	0.133745	0.109567
0.116663	0.084122	0.111780	0.133373	0.120496	0.099204	0.121993	0.108355	0.133514	0.122493
0.134152	0.075142	0.106304	0.132192	0.114015	0.109605	0.127426	0.103718	0.141863	0.119262
0.120587	0.059356	0.090682	0.150648	0.134150	0.112077	0.111187	0.115460	0.134924	0.111440
0.140310	0.072129	0.105234	0.124286	0.115072	0.098222	0.130601	0.101487	0.132004	0.107758
0.148315	0.069700	0.105382	0.127905	0.123792	0.109951	0.131889	0.098783	0.153792	0.115578
0.133583	0.072042	0.104128	0.127199	0.126894	0.101052	0.120941	0.101328	0.144302	0.117140
0.150414	0.067529	0.100591	0.120803	0.105043	0.111545	0.135807	0.098946	0.143480	0.110397
0.109856	0.073942	0.100356	0.147069	0.152779	0.099200	0.104367	0.116264	0.137467	0.118911
0.132616	0.069273	0.099391	0.134493	0.125631	0.103979	0.124340	0.116410	0.131446	0.108055
0.130666	0.076611	0.104243	0.134224	0.130413	0.102285	0.124232	0.117967	0.132276	0.111195
0.112571	0.059413	0.087027	0.157472	0.150720	0.111259	0.099320	0.130781	0.133461	0.110502
0.129217	0.065257	0.096773	0.140394	0.132851	0.103622	0.117931	0.117262	0.130289	0.110176
0.131872	0.070604	0.101531	0.135282	0.123896	0.102439	0.129887	0.116679	0.128109	0.110645
0.134651	0.060593	0.091621	0.138143	0.140647	0.103986	0.115294	0.119285	0.133155	0.106095
0.099843	0.066068	0.090834	0.161612	0.157980	0.112101	0.089587	0.135949	0.135180	0.123666
0.108995	0.061417	0.087675	0.155147	0.147097	0.110338	0.094811	0.128112	0.128647	0.116330
0.104126	0.074569	0.099889	0.145950	0.141661	0.104015	0.100276	0.122129	0.131807	0.123469
0.090378	0.084293	0.106606	0.155465	0.147566	0.106291	0.093730	0.130195	0.133067	0.132660
0.115638	0.082612	0.107845	0.133468	0.129764	0.102964	0.111809	0.116913	0.136762	0.124467
0.126000	0.065391	0.096719	0.136507	0.128091	0.102619	0.118091	0.118596	0.126113	0.109516
0.125406	0.063944	0.094010	0.136425	0.138772	0.100144	0.110353	0.110609	0.137393	0.111891
0.097642	0.076004	0.102669	0.160073	0.160841	0.106558	0.096489	0.129462	0.138361	0.128362
0.131527	0.055390	0.084199	0.137867	0.136378	0.105457	0.108479	0.112344	0.131727	0.103009
0.129001	0.058734	0.086881	0.137285	0.137466	0.101246	0.107950	0.113770	0.129417	0.104840
0.130753	0.048768	0.079360	0.147596	0.133370	0.104410	0.108348	0.110050	0.123987	0.093244
0.107423	0.064302	0.090129	0.149852	0.129128	0.108586	0.098339	0.118968	0.121322	0.115085
0.131963	0.061842	0.094038	0.137470	0.126571	0.103476	0.119165	0.105579	0.134315	0.109605
0.100910	0.079375	0.097883	0.142554	0.136964	0.103520	0.093295	0.123159	0.122601	0.127294
0.144172	0.084096	0.119984	0.130631	0.111242	0.119074	0.144957	0.104855	0.156097	0.129374
0.141388	0.061577	0.090656	0.137280	0.097208	0.127456	0.132737	0.108595	0.128278	0.103477
0.161012	0.072015	0.105120	0.118252	0.094994	0.123754	0.152947	0.102853	0.144346	0.116721
0.190523	0.060658	0.093415	0.105949	0.089279	0.133680	0.159107	0.098653	0.152856	0.108458
0.173374	0.067856	0.100709	0.112736	0.094127	0.119314	0.155394	0.100586	0.139402	0.107861
0.136926	0.073321	0.104748	0.134912	0.094384	0.116955	0.137972	0.103382	0.126977	0.108933
0.163243	0.061919	0.093458	0.119048	0.086143	0.115163	0.152853	0.094333	0.129987	0.102468
0.176733	0.060936	0.089962	0.111532	0.087371	0.127258	0.161137	0.094505	0.147476	0.109055
0.159215	0.059776	0.091415	0.128686	0.091393	0.119223	0.149516	0.101319	0.126132	0.102214
0.157493	0.067775	0.102608	0.129437	0.095016	0.110275	0.149500	0.103965	0.118846	0.105763
0.134225	0.074844	0.108244	0.154364	0.116635	0.103164	0.138326	0.111753	0.116981	0.112438
0.133362	0.072763	0.101525	0.154480	0.111456	0.107390	0.131634	0.113243	0.111716	0.101355
0.125603	0.071391	0.102648	0.160630	0.107342	0.110308	0.131026	0.112161	0.110847	0.104532
0.166568	0.060037	0.095174	0.130496	0.095364	0.118880	0.157419	0.101482	0.132528	0.105661
0.153916	0.069041	0.102147	0.139134	0.098782	0.114041	0.150371	0.105864	0.120741	0.104234
0.149762	0.067164	0.101729	0.146251	0.102547	0.114392	0.151635	0.106871	0.125471	0.105924
0.143312	0.073157	0.107103	0.136708	0.102824	0.111633	0.141253	0.107996	0.124109	0.109884
0.140164	0.074775	0.110641	0.150367	0.108551	0.106154	0.146031	0.107268	0.118887	0.110470
0.158129	0.055167	0.084178	0.122984	0.084329	0.129801	0.144687	0.100946	0.130276	0.100114
0.168817	0.053812	0.084953	0.117572	0.083147	0.124810	0.147290	0.099475	0.127060	0.094329
0.151909	0.062976	0.093415	0.121738	0.090865	0.121876	0.139452	0.107331	0.126593	0.101254
0.165368	0.052651	0.086360	0.124012	0.075748	0.122294	0.151344	0.099851	0.111272	0.095838
0.152196	0.061719	0.094512	0.125263	0.085500	0.123535	0.150170	0.101760	0.129879	0.106342
0.175009	0.057742	0.094012	0.109820	0.085824	0.121769	0.156236	0.097958	0.142326	0.101237
0.148385	0.063359	0.092160	0.136078	0.094079	0.115855	0.147813	0.102699	0.122084	0.101583
0.165820	0.064358	0.100326	0.117951	0.088159	0.100573	0.154126	0.094757	0.116172	0.095435
0.143833	0.068266	0.100893	0.122885	0.092164	0.125390	0.142910	0.104508	0.142648	0.116387
0.158563	0.058129	0.091621	0.135599	0.083200	0.116472	0.159041	0.097309	0.115278	0.096868
0.154278	0.052482	0.084584	0.134553	0.093395	0.115758	0.141553	0.104155	0.116986	0.097031
0.161144	0.052296	0.081529	0.127948	0.088829	0.117537	0.141486	0.102916	0.113419	0.090566
0.168992	0.054609	0.086720	0.124520	0.080629	0.117180	0.153678	0.098209	0.112554	0.094380
0.166343	0.053970	0.085636	0.126006	0.084103	0.114341	0.149307	0.097525	0.111613	0.090018
0.155766	0.055532	0.090685	0.132298	0.082161	0.118144	0.152972	0.096703	0.117202	0.098458
0.165623	0.050310	0.083992	0.118533	0.087865	0.116621	0.144708	0.097708	0.131673	0.100829
0.158806	0.052800	0.085139	0.133494	0.083039	0.121679	0.149481	0.102041	0.112492	0.095670
0.160127	0.053923	0.089321	0.130959	0.080999	0.119226	0.153631	0.098258	0.116533	0.101311
0.158906	0.059143	0.098177	0.137896	0.079458	0.114195	0.165186	0.097736	0.111725	0.097305
0.158776	0.054221	0.088435	0.133849	0.081430	0.119466	0.154533	0.098970	0.113749	0.097366
0.163887	0.055374	0.090759	0.126798	0.078910	0.117659	0.158013	0.095364	0.117228	0.098580
0.141068	0.050366	0.079981	0.139387	0.092383	0.121745	0.123177	0.109204	0.107691	0.092030
0.174415	0.049444	0.083931	0.113855	0.078598	0.115910	0.152154	0.096280	0.116837	0.088197
0.144027	0.050705	0.077068	0.125363	0.096251	0.122403	0.115752	0.111098	0.116860	0.097408
0.144231	0.048273	0.078044	0.128054	0.091310	0.123066	0.119486	0.106428	0.116061	0.095423
0.139711	0.058073	0.086850	0.120511	0.093157	0.125420	0.122379	0.106289	0.134414	0.113291
0.141596	0.050759	0.083302	0.131036	0.098466	0.111799	0.122447	0.104963	0.117283	0.096943
0.150600	0.049199	0.081222	0.132667	0.093618	0.118990	0.134024	0.105273	0.117021	0.094319
0.155019	0.051687	0.082155	0.124555	0.091366	0.118115	0.134319	0.103536	0.123329	0.102975
0.151486	0.054129	0.091349	0.129561	0.088833	0.109724	0.152380	0.098223	0.121144	0.091093
0.155027	0.049522	0.081760	0.127404	0.090922	0.114276	0.135912	0.101106	0.114838	0.086117
0.162109	0.054980	0.093699	0.120303	0.073342	0.119116	0.156583	0.094351	0.120614	0.103727
0.133608	0.063557	0.099671	0.140535	0.094184	0.112110	0.137356	0.101454	0.125376	0.105641
0.155882	0.055264	0.086223	0.128863	0.100431	0.123179	0.136812	0.103905	0.144840	0.114049
0.160003	0.066741	0.101799	0.112366	0.090875	0.103749	0.147868	0.093817	0.132500	0.108133
0.175298	0.060168	0.095140	0.105503	0.080239	0.106646	0.158517	0.089908	0.128452	0.097559
0.174487	0.058385	0.092187	0.104322	0.080756	0.109274	0.154222	0.091427	0.129908	0.096835
0.155830	0.063636	0.098417	0.117187	0.083204	0.111626	0.147002	0.093721	0.128531	0.102297
0.149527	0.062793	0.096354	0.130490	0.084755	0.110499	0.144638	0.100632	0.111100	0.096471
0.153015	0.069703	0.100258	0.108649	0.097086	0.105369	0.137113	0.095485	0.140585	0.115679
0.154060	0.061633	0.095847	0.114493	0.083431	0.114834	0.140741	0.096071	0.129763	0.106927
0.135955	0.073603	0.107912	0.129402	0.099324	0.100345	0.136779	0.094805	0.129522	0.111126
0.165599	0.067552	0.104760	0.120675	0.089502	0.113350	0.159392	0.100644	0.126141	0.106483
0.161190	0.069854	0.105467	0.118399	0.090608	0.110840	0.155865	0.099291	0.129862	0.106545
0.177519	0.057905	0.093291	0.108264	0.081085	0.121322	0.159288	0.095548	0.136810	0.098949
0.190735	0.064016	0.103332	0.110437	0.086374	0.134246	0.166477	0.102466	0.141962	0.103655
0.145668	0.060355	0.093320	0.132660	0.085039	0.119847	0.140265	0.101336	0.119317	0.101224
0.155766	0.063339	0.096236	0.119720	0.090458	0.107626	0.147251	0.095880	0.126715	0.101577
0.168861	0.055733	0.086476	0.121056	0.083754	0.122847	0.150650	0.100965	0.122538	0.094530
0.157483	0.056427	0.089001	0.128221	0.086857	0.123766	0.147757	0.102054	0.125707	0.100223
0.173594	0.060632	0.099281	0.119469	0.077464	0.113809	0.166873	0.094038	0.119225	0.095766
0.156240	0.060257	0.093227	0.125952	0.091186	0.128461	0.146030	0.104060	0.137943	0.105942
0.159972	0.061442	0.092940	0.123195	0.096270	0.126158	0.145297	0.103942	0.142358	0.103154
0.155032	0.065536	0.098021	0.122161	0.091556	0.127995	0.148921	0.103936	0.142670	0.110762
0.127694	0.055895	0.088891	0.154243	0.106726	0.120898	0.126156	0.117070	0.119584	0.098008
0.154551	0.060013	0.089354	0.132260	0.086260	0.134887	0.153639	0.104881	0.133313	0.103797
0.167102	0.064181	0.092976	0.119450	0.088810	0.128871	0.155557	0.101430	0.141415	0.108738
0.142561	0.059384	0.090604	0.138751	0.095625	0.131519	0.137527	0.113468	0.129344	0.103022
0.162434	0.059272	0.094644	0.119529	0.091749	0.129037	0.152228	0.103843	0.146048	0.108852
0.155236	0.065500	0.100645	0.128991	0.089416	0.113677	0.150811	0.101363	0.120761	0.107139
0.158939	0.075307	0.103477	0.119992	0.096872	0.121877	0.147741	0.106184	0.138227	0.120271
0.143371	0.064867	0.096755	0.142910	0.095774	0.108853	0.138948	0.106575	0.106553	0.096763
0.154663	0.061250	0.092463	0.139397	0.093989	0.124930	0.150249	0.106541	0.127272	0.103972
0.158322	0.070200	0.107328	0.134100	0.089038	0.107812	0.160989	0.101837	0.112620	0.102719
0.157790	0.066772	0.104166	0.127260	0.082928	0.110775	0.160790	0.096812	0.119463	0.103057
0.152267	0.056816	0.086587	0.128044	0.095695	0.112543	0.135272	0.103588	0.119997	0.100825
0.192380	0.056553	0.091999	0.101115	0.077033	0.114669	0.166767	0.089680	0.133451	0.095117
0.148751	0.072763	0.103080	0.124663	0.094782	0.110788	0.145690	0.099463	0.130426	0.110223
0.152422	0.074096	0.109001	0.129405	0.094447	0.105606	0.152502	0.101322	0.119772	0.108505
0.175274	0.063740	0.100742	0.114545	0.085976	0.114800	0.164937	0.095098	0.133835	0.106182
0.151870	0.067099	0.099463	0.135306	0.086512	0.107569	0.153446	0.101312	0.107711	0.096041
0.175328	0.064694	0.097703	0.114118	0.083774	0.126575	0.162631	0.100936	0.134540	0.104207
0.138032	0.049521	0.083584	0.128568	0.100895	0.115476	0.124395	0.101592	0.136299	0.104964
0.155233	0.055994	0.088799	0.124251	0.085299	0.115819	0.143485	0.098096	0.120773	0.098789
0.139252	0.051202	0.083793	0.137855	0.093481	0.119703	0.129634	0.105744	0.117426	0.098283
0.141773	0.054787	0.088296	0.136908	0.092580	0.111831	0.133747	0.102442	0.112588	0.099295
0.144154	0.049860	0.081633	0.126419	0.098193	0.120876	0.125326	0.105444	0.131914	0.100584
0.130318	0.052511	0.086166	0.134141	0.095441	0.121616	0.119697	0.105095	0.128610	0.113285
0.136327	0.053047	0.093006	0.143342	0.089981	0.116808	0.144706	0.097859	0.126432	0.104485
0.136207	0.052343	0.092706	0.136566	0.100042	0.114950	0.140395	0.099750	0.141620	0.108852
0.147992	0.055786	0.090657	0.130532	0.083400	0.119684	0.144754	0.098012	0.122005	0.102455
0.145892	0.055886	0.091979	0.134873	0.089489	0.109570	0.143262	0.098915	0.114287	0.092786
0.105969	0.095436	0.117797	0.147009	0.116054	0.110864	0.117373	0.120672	0.128677	0.134876
0.107606	0.077279	0.101077	0.154394	0.124212	0.107083	0.104889	0.129322	0.109261	0.115439
0.112247	0.091255	0.115349	0.134781	0.108822	0.111439	0.121237	0.114116	0.136849	0.137102
0.116874	0.072385	0.095450	0.144609	0.120518	0.113546	0.111330	0.119504	0.126304	0.115483
0.105489	0.090452	0.111220	0.134437	0.118911	0.107368	0.107780	0.115790	0.134309	0.141786
0.105007	0.080930	0.104853	0.149509	0.126839	0.109240	0.106094	0.123255	0.126182	0.122505
0.120526	0.086566	0.113262	0.128858	0.103860	0.110073	0.126453	0.109982	0.134333	0.128263
0.107463	0.088064	0.109542	0.135267	0.119776	0.110957	0.108761	0.120485	0.137063	0.139427
0.109896	0.079948	0.102997	0.145970	0.122036	0.108744	0.110154	0.120825	0.124412	0.123050
0.105659	0.083180	0.105181	0.146869	0.126988	0.112729	0.106598	0.123821	0.132742	0.128419
0.114944	0.083677	0.109118	0.144469	0.116605	0.110648	0.119634	0.120582	0.126222	0.123178
0.099635	0.087424	0.111067	0.147513	0.128716	0.111543	0.105588	0.123151	0.137316	0.131420
0.103860	0.080698	0.106288	0.147720	0.131857	0.112546	0.108536	0.125513	0.139886	0.133479
0.108030	0.072797	0.096158	0.150072	0.127798	0.112685	0.102021	0.123381	0.126936	0.127396
0.103515	0.080468	0.108233	0.153324	0.129043	0.112891	0.112550	0.125033	0.137834	0.129132
0.101481	0.081643	0.106045	0.140052	0.125121	0.109714	0.104055	0.119087	0.136382	0.135858
0.115255	0.067259	0.093190	0.151154	0.122739	0.110394	0.107886	0.123828	0.116575	0.109683
0.108200	0.070588	0.096646	0.150761	0.127641	0.107335	0.103229	0.122666	0.120598	0.116798
0.105603	0.087359	0.112721	0.140840	0.118903	0.109019	0.113200	0.116332	0.135034	0.132545
0.108083	0.081564	0.107024	0.149513	0.123964	0.107971	0.114091	0.121621	0.124950	0.122453
0.124517	0.063539	0.090542	0.150530	0.122558	0.110086	0.113149	0.121812	0.117184	0.107877
0.105117	0.088446	0.111767	0.142856	0.123130	0.109506	0.111898	0.119608	0.134870	0.133888
0.111313	0.078557	0.106067	0.150407	0.124450	0.111873	0.114447	0.123884	0.131572	0.126491
0.114183	0.072759	0.100856	0.143340	0.113756	0.107191	0.111444	0.118599	0.117038	0.116496
0.104873	0.086099	0.109829	0.135271	0.123877	0.106325	0.104064	0.121517	0.135416	0.129170
0.100643	0.091216	0.116667	0.135112	0.124331	0.107070	0.104953	0.116279	0.147046	0.136900
0.108135	0.080074	0.102101	0.126716	0.123144	0.104775	0.098767	0.114679	0.136192	0.134543
0.127833	0.074233	0.104770	0.123853	0.105311	0.109272	0.122080	0.098894	0.147015	0.123885
0.119234	0.077820	0.107418	0.141644	0.108785	0.104400	0.119055	0.116736	0.114902	0.118173
0.114716	0.076448	0.106974	0.128583	0.116564	0.107916	0.113356	0.103839	0.151358	0.129642
0.110874	0.079606	0.102261	0.139996	0.120144	0.105036	0.105195	0.124315	0.117392	0.122344
0.097138	0.081072	0.109222	0.136403	0.128235	0.111782	0.100765	0.116936	0.155551	0.137308
0.131956	0.056525	0.085400	0.149309	0.113596	0.113219	0.115543	0.117508	0.112642	0.101188
0.122471	0.076601	0.106998	0.135242	0.106780	0.107282	0.123834	0.108449	0.127436	0.116061
0.114612	0.084458	0.110732	0.126620	0.107299	0.106802	0.112510	0.105709	0.134859	0.133024
0.117100	0.054757	0.083461	0.150112	0.122678	0.107593	0.102924	0.118471	0.112788	0.102546
0.116998	0.064282	0.088328	0.142302	0.119838	0.107867	0.102643	0.118701	0.113865	0.113084
0.101605	0.070276	0.092691	0.146775	0.132935	0.105953	0.092860	0.124523	0.118613	0.123241
0.115146	0.058638	0.085932	0.144478	0.127894	0.104814	0.101065	0.119056	0.119572	0.107299
0.113074	0.086554	0.112138	0.124000	0.113449	0.103942	0.113339	0.104953	0.142149	0.139527
0.110486	0.064538	0.086578	0.145753	0.128689	0.103829	0.094731	0.121472	0.110306	0.109458
0.123218	0.050689	0.080347	0.150383	0.118415	0.109756	0.106348	0.119444	0.111053	0.099395
0.109930	0.073884	0.099537	0.136205	0.121557	0.103323	0.104008	0.113511	0.124916	0.125928
0.108135	0.049459	0.082016	0.163607	0.129459	0.106947	0.096684	0.118779	0.113584	0.102099
0.119738	0.051866	0.088321	0.169873	0.125053	0.101916	0.119477	0.111660	0.113415	0.091846
0.117544	0.055050	0.079198	0.138393	0.121785	0.108157	0.092932	0.118988	0.111731	0.107609
0.101364	0.070534	0.092737	0.148315	0.132534	0.102623	0.090999	0.123721	0.113706	0.124037
0.100411	0.070115	0.091346	0.142529	0.135661	0.102017	0.086770	0.119742	0.118003	0.127602
0.114538	0.056798	0.086920	0.150403	0.126648	0.104257	0.102260	0.116196	0.116613	0.102641
0.096067	0.067484	0.087796	0.148829	0.140686	0.103151	0.082570	0.125999	0.111913	0.124041
0.113053	0.049380	0.077457	0.172797	0.145007	0.106856	0.098330	0.124975	0.111976	0.094387
0.106613	0.054529	0.078808	0.153728	0.132804	0.113015	0.086383	0.126317	0.116474	0.114717
0.108899	0.052238	0.076766	0.162740	0.139405	0.103433	0.089511	0.123679	0.105251	0.099146
0.129406	0.056259	0.078271	0.139109	0.114097	0.110168	0.101612	0.120678	0.102586	0.099898
0.127127	0.053248	0.079477	0.165059	0.123883	0.109430	0.107590	0.126074	0.103542	0.096368
0.118395	0.058296	0.087516	0.158491	0.128125	0.095228	0.108334	0.113808	0.103762	0.096174
0.132624	0.063168	0.088574	0.138750	0.107826	0.099623	0.116113	0.110789	0.099520	0.099503
0.126467	0.079207	0.110235	0.120778	0.099081	0.102838	0.125912	0.098073	0.134400	0.126509
0.109538	0.063036	0.086750	0.149344	0.123824	0.101643	0.094147	0.121501	0.100909	0.111263
0.128502	0.057117	0.082673	0.138797	0.112885	0.106699	0.107672	0.114943	0.106672	0.099691
0.114133	0.075844	0.100452	0.135439	0.113748	0.102370	0.107521	0.112180	0.115251	0.123707
0.124572	0.073925	0.098677	0.130932	0.113123	0.097709	0.115853	0.107831	0.116050	0.110587
0.114901	0.070744	0.092849	0.137573	0.118133	0.105525	0.102780	0.116628	0.113619	0.117096
0.121529	0.073987	0.100221	0.134936	0.107713	0.104233	0.114881	0.109696	0.115102	0.116316
0.114170	0.062279	0.085744	0.145222	0.119551	0.104976	0.097165	0.119263	0.103927	0.110053
0.123085	0.060963	0.085896	0.145750	0.116754	0.099755	0.105990	0.114287	0.100147	0.100997
0.101279	0.098041	0.117780	0.142300	0.121010	0.107856	0.110382	0.121320	0.130960	0.138557
0.099422	0.100840	0.120273	0.145547	0.123601	0.106635	0.111266	0.125366	0.128892	0.134492
0.113912	0.083361	0.114873	0.137914	0.114238	0.111146	0.117190	0.110615	0.143641	0.130341
0.098666	0.089885	0.111947	0.140190	0.127785	0.109250	0.102433	0.118691	0.140340	0.138163
0.109296	0.074939	0.101711	0.152961	0.119945	0.107877	0.108685	0.122076	0.115923	0.119019
0.117306	0.076044	0.103892	0.127446	0.116976	0.111637	0.112170	0.103591	0.152709	0.135132
0.105536	0.094101	0.114077	0.129978	0.119700	0.107934	0.108698	0.117165	0.140959	0.145284
0.110216	0.083797	0.110552	0.138413	0.118959	0.109465	0.112953	0.111616	0.139118	0.130731
0.106038	0.097311	0.118110	0.135444	0.116766	0.109312	0.115087	0.119020	0.137196	0.137913
0.111248	0.078652	0.104086	0.142673	0.123448	0.106382	0.108641	0.120759	0.125493	0.118318
0.093505	0.059440	0.088978	0.169801	0.146353	0.110304	0.088342	0.128933	0.127737	0.124752
0.093632	0.069295	0.091292	0.153025	0.146359	0.106665	0.085331	0.128834	0.125383	0.126710
0.102137	0.073147	0.096885	0.142615	0.131900	0.108269	0.095831	0.122284	0.130965	0.131639
0.124864	0.068765	0.093962	0.132501	0.122366	0.101299	0.112764	0.116944	0.121398	0.105621
0.107663	0.062483	0.088630	0.149540	0.137278	0.104656	0.096760	0.121165	0.123994	0.109983
0.100854	0.066018	0.090439	0.159741	0.136424	0.113993	0.088196	0.130249	0.123495	0.132914
0.100212	0.066660	0.088772	0.157682	0.143012	0.109563	0.090051	0.130526	0.123091	0.123746
0.096476	0.068603	0.091415	0.155450	0.143807	0.107337	0.086708	0.128692	0.121899	0.127527
0.099673	0.058324	0.082805	0.167644	0.143387	0.108149	0.085715	0.132827	0.110526	0.115792
0.100195	0.063321	0.087532	0.156287	0.137887	0.110757	0.090008	0.127505	0.119677	0.117863
0.104896	0.062869	0.090418	0.170262	0.134979	0.108154	0.097345	0.128792	0.112233	0.113716
0.124140	0.077832	0.106802	0.136649	0.101831	0.106677	0.125897	0.107093	0.120344	0.118090
0.109223	0.094920	0.118478	0.135719	0.112303	0.106373	0.118346	0.114465	0.132169	0.132574
0.110523	0.067332	0.090346	0.146231	0.128062	0.111418	0.097231	0.125485	0.122499	0.126452
0.122845	0.074450	0.097160	0.135826	0.110113	0.110856	0.114562	0.114044	0.120484	0.116278
0.106325	0.061481	0.088222	0.156506	0.129316	0.116390	0.099125	0.127718	0.124548	0.114013
0.122384	0.072279	0.096665	0.139197	0.110195	0.108836	0.115392	0.117231	0.116517	0.114770
0.114392	0.069314	0.098087	0.147515	0.115551	0.111191	0.111767	0.114930	0.123972	0.118533
0.114797	0.062710	0.086125	0.145338	0.119494	0.110711	0.097223	0.121140	0.112692	0.116764
0.130674	0.059698	0.082740	0.134368	0.113837	0.106993	0.107749	0.113501	0.110333	0.100393
0.104838	0.074386	0.095736	0.141091	0.128315	0.115860	0.096821	0.122399	0.138121	0.141257
0.104439	0.070394	0.093001	0.140342	0.126919	0.107248	0.093852	0.118994	0.125206	0.128884
0.096842	0.065649	0.087998	0.151148	0.139786	0.106519	0.084808	0.129314	0.116821	0.122802
0.128797	0.063844	0.088987	0.126078	0.114212	0.104297	0.110284	0.112729	0.120731	0.106006
0.163677	0.065279	0.105207	0.119314	0.087824	0.107064	0.157293	0.098487	0.124959	0.101101
0.165299	0.075480	0.115918	0.121317	0.093453	0.112029	0.164500	0.094434	0.143514	0.118076
0.213606	0.057596	0.103407	0.111769	0.092622	0.117545	0.194951	0.090314	0.149718	0.102687
0.149099	0.077588	0.115421	0.127872	0.100640	0.103566	0.149778	0.097579	0.131226	0.118251
0.169856	0.071807	0.113951	0.121657	0.090422	0.118594	0.166780	0.093702	0.143735	0.117925
0.142225	0.076095	0.112522	0.129033	0.099863	0.103633	0.144015	0.103083	0.125228	0.112560
0.158532	0.073213	0.113795	0.128720	0.089101	0.111418	0.159545	0.098494	0.127328	0.110632
0.135017	0.083340	0.121061	0.137558	0.110565	0.104374	0.145132	0.104278	0.135317	0.120854
0.160720	0.081725	0.122193	0.129536	0.102253	0.114360	0.163386	0.099180	0.143752	0.121625
0.184936	0.068346	0.110530	0.116305	0.091622	0.112618	0.175674	0.088176	0.147087	0.114478
0.154682	0.071308	0.111511	0.124161	0.092383	0.102103	0.154676	0.095970	0.126488	0.107064
0.147255	0.082401	0.119468	0.129788	0.101309	0.102622	0.155411	0.102742	0.127957	0.111261
0.143187	0.074830	0.109650	0.132207	0.105199	0.101809	0.141516	0.110843	0.118361	0.104904
0.155737	0.076162	0.115597	0.122791	0.102058	0.103081	0.152006	0.101627	0.132044	0.111694
0.150358	0.072534	0.108520	0.134288	0.110013	0.098778	0.145951	0.112177	0.115053	0.104210
0.152093	0.069136	0.108095	0.127814	0.095259	0.104476	0.150747	0.105076	0.121362	0.101001
0.121725	0.085327	0.116706	0.147279	0.128765	0.097326	0.127428	0.121714	0.118021	0.112787
0.146439	0.077152	0.112311	0.132760	0.104810	0.101397	0.148482	0.107263	0.122186	0.106059
0.166109	0.064227	0.103896	0.129124	0.095129	0.104335	0.158222	0.103895	0.116746	0.094742
0.137956	0.082250	0.115321	0.137972	0.117121	0.100869	0.140137	0.118483	0.119038	0.111604
0.154291	0.071867	0.109290	0.130428	0.098847	0.100228	0.151190	0.105156	0.116024	0.099241
0.148270	0.076647	0.110208	0.130429	0.100213	0.098674	0.147131	0.105291	0.113756	0.103707
0.127727	0.088679	0.120235	0.131540	0.117972	0.098269	0.134013	0.107991	0.137200	0.119707
0.130762	0.076002	0.108829	0.148958	0.106992	0.097094	0.134536	0.107099	0.106916	0.105864
0.134732	0.066551	0.105387	0.132671	0.097084	0.102895	0.136303	0.101232	0.123093	0.106411
0.137530	0.065350	0.100657	0.140499	0.101831	0.099494	0.134894	0.103908	0.111635	0.099511
0.151868	0.068281	0.104299	0.129866	0.093835	0.102793	0.151430	0.102193	0.114301	0.096175
0.170151	0.068611	0.108811	0.120544	0.090227	0.099830	0.163532	0.098565	0.117351	0.095871
0.144814	0.059493	0.095833	0.130581	0.098062	0.106322	0.140330	0.097673	0.126676	0.099886
0.132921	0.069456	0.105547	0.138665	0.101695	0.101243	0.136538	0.105226	0.116356	0.102923
0.137923	0.069385	0.108621	0.131767	0.095554	0.104488	0.143034	0.100177	0.124184	0.107871
0.187107	0.062058	0.098000	0.114212	0.077429	0.111860	0.178240	0.095454	0.116031	0.091757
0.132595	0.074953	0.110281	0.134041	0.105757	0.098628	0.137879	0.106945	0.121288	0.104376
0.117198	0.079177	0.111101	0.138197	0.112422	0.101208	0.124366	0.113326	0.125987	0.109220
0.138794	0.074205	0.112336	0.137923	0.094055	0.096181	0.148597	0.101111	0.109157	0.099804
0.137589	0.078312	0.115383	0.138122	0.101503	0.095752	0.147234	0.099800	0.117827	0.104055
0.136891	0.077824	0.115176	0.133196	0.098330	0.097474	0.144302	0.099567	0.121181	0.106668
0.132381	0.083200	0.122314	0.139215	0.098281	0.098760	0.148151	0.101282	0.121548	0.106292
0.167592	0.070503	0.113326	0.122669	0.082384	0.106654	0.173229	0.089726	0.128255	0.101143
0.150879	0.069262	0.104651	0.131918	0.096331	0.096849	0.149337	0.103922	0.109075	0.093592
0.168738	0.074931	0.118385	0.122131	0.089149	0.106988	0.170342	0.090486	0.134851	0.107956
0.154150	0.059319	0.099030	0.131996	0.090220	0.099219	0.151512	0.101192	0.108061	0.095181
0.146801	0.062419	0.097589	0.124172	0.094959	0.099348	0.138981	0.097684	0.117512	0.097762
0.169299	0.058446	0.099440	0.122469	0.079231	0.104527	0.166862	0.092335	0.114152	0.090156
0.160707	0.062708	0.101496	0.124397	0.085232	0.099289	0.157688	0.095290	0.110064	0.092570
0.161447	0.057393	0.094068	0.119814	0.088574	0.101937	0.150357	0.095758	0.118058	0.093244
0.166759	0.056107	0.098711	0.121128	0.078297	0.108536	0.164275	0.091042	0.121005	0.094115
0.167242	0.062354	0.103559	0.115533	0.080921	0.102883	0.163511	0.090086	0.124918	0.101139
0.188334	0.059483	0.098918	0.115315	0.070662	0.114436	0.186425	0.091737	0.118494	0.092337
0.206908	0.151334	0.194360	0.216112	0.317063	0.221487	0.250166	0.308404	0.287099	0.294645
0.162314	0.065848	0.106092	0.118521	0.085390	0.107826	0.160841	0.098128	0.127276	0.097875
0.166955	0.062206	0.108485	0.114257	0.078842	0.103885	0.163055	0.090651	0.126463	0.103913
0.203838	0.059704	0.099399	0.124694	0.108954	0.158462	0.185245	0.116394	0.178505	0.136528
0.164610	0.061110	0.100431	0.137227	0.072680	0.128153	0.179540	0.104177	0.110876	0.091753
0.133475	0.060409	0.096806	0.134164	0.094782	0.112813	0.131875	0.108078	0.123182	0.107322
0.166453	0.070995	0.112636	0.118884	0.083448	0.101003	0.170007	0.088118	0.126444	0.099080
0.168901	0.067639	0.109215	0.113621	0.079085	0.103048	0.169805	0.087191	0.129128	0.098893
0.180044	0.066982	0.107395	0.115355	0.081263	0.105469	0.179583	0.089048	0.127402	0.093955
0.135168	0.083183	0.122424	0.138721	0.093612	0.099870	0.151278	0.097838	0.121094	0.106325
0.144944	0.077735	0.116490	0.134765	0.089869	0.095535	0.158844	0.093957	0.114881	0.096148
0.165284	0.070115	0.108924	0.126090	0.087200	0.095577	0.167618	0.095450	0.108895	0.090877
0.148687	0.072437	0.106267	0.126227	0.095081	0.096369	0.147836	0.100974	0.113290	0.100964
0.159734	0.068909	0.108396	0.126825	0.085803	0.094939	0.164778	0.089782	0.112734	0.095573
0.143731	0.075741	0.114800	0.127411	0.092119	0.097747	0.151068	0.094296	0.124490	0.104467
0.141999	0.074424	0.110349	0.133902	0.095371	0.093188	0.147634	0.098002	0.109623	0.101008
0.158579	0.069657	0.110333	0.120017	0.083647	0.097894	0.161808	0.088343	0.123150	0.100351
0.153224	0.072223	0.115086	0.120865	0.081963	0.100590	0.160087	0.086336	0.129448	0.106720
0.171664	0.067296	0.107371	0.120324	0.088521	0.102219	0.162681	0.098658	0.116730	0.097025
0.144474	0.079242	0.115156	0.130374	0.117113	0.094676	0.141852	0.103667	0.129939	0.109836
0.133250	0.076753	0.114107	0.143300	0.135760	0.097772	0.132520	0.105731	0.140092	0.113845
0.139484	0.081748	0.115097	0.132376	0.117657	0.097766	0.142663	0.105919	0.130042	0.110501
0.152354	0.077604	0.116683	0.134557	0.116336	0.097175	0.149816	0.109107	0.124137	0.106196
0.170203	0.075903	0.115724	0.121149	0.098678	0.102824	0.161885	0.103324	0.122566	0.102815
0.167341	0.072203	0.114832	0.127824	0.109950	0.099219	0.160010	0.105077	0.126428	0.103762
0.156504	0.080256	0.118593	0.127982	0.113717	0.098596	0.150821	0.107599	0.129722	0.108381
0.136581	0.083303	0.121375	0.138417	0.110346	0.098907	0.147446	0.104164	0.128320	0.113472
0.177018	0.066488	0.105091	0.126812	0.098424	0.104959	0.166025	0.105303	0.113744	0.092441
0.133327	0.078825	0.114642	0.144997	0.101225	0.114195	0.152384	0.105599	0.134427	0.111074
0.139833	0.085433	0.126538	0.132065	0.092830	0.109039	0.158187	0.101313	0.134608	0.113651
0.123503	0.089669	0.125941	0.140272	0.101365	0.104804	0.143493	0.108355	0.127563	0.114550
0.154579	0.066966	0.108325	0.132140	0.089665	0.102984	0.160059	0.097678	0.118808	0.102777
0.132805	0.086729	0.124805	0.138130	0.100159	0.108207	0.147710	0.102157	0.137436	0.118477
0.133281	0.078340	0.117127	0.136086	0.101336	0.101485	0.141789	0.105072	0.128002	0.110763
0.125089	0.083787	0.117557	0.146262	0.108162	0.103700	0.144245	0.111187	0.125359	0.109845
0.114860	0.091003	0.123350	0.148062	0.108880	0.104310	0.133744	0.114332	0.124821	0.114573
0.122054	0.079844	0.111645	0.144571	0.107715	0.105780	0.133590	0.111406	0.125838	0.111299
0.116210	0.081918	0.113739	0.146858	0.108380	0.106748	0.131162	0.109241	0.130696	0.114498
0.120908	0.085602	0.117133	0.140391	0.108057	0.104072	0.131455	0.114806	0.122266	0.113397
0.166052	0.072353	0.117025	0.123844	0.091307	0.106596	0.173575	0.090477	0.140345	0.102970
0.149851	0.078866	0.117117	0.122671	0.110511	0.108321	0.153425	0.097288	0.154362	0.121079
0.162960	0.072523	0.116247	0.118592	0.106421	0.110973	0.166001	0.091347	0.164434	0.118882
0.163048	0.070256	0.112221	0.128546	0.096848	0.104835	0.157328	0.104308	0.120258	0.099716
0.127133	0.083223	0.119893	0.136839	0.102842	0.103964	0.142636	0.106373	0.129362	0.113423
0.174890	0.067670	0.113249	0.116088	0.089284	0.114080	0.176308	0.088876	0.149695	0.111589
0.135015	0.081781	0.115301	0.132340	0.106861	0.105667	0.145729	0.111237	0.129232	0.115093
0.158845	0.071225	0.112503	0.117760	0.101047	0.111437	0.155266	0.095282	0.151557	0.121669
0.168431	0.066435	0.106714	0.128610	0.084444	0.104256	0.168740	0.100855	0.108493	0.091912
0.155481	0.073951	0.109120	0.131978	0.098155	0.100096	0.154110	0.110574	0.104624	0.097203
0.137881	0.084189	0.120456	0.135772	0.100425	0.105363	0.154361	0.103821	0.130003	0.110778
0.150464	0.079311	0.116853	0.115925	0.097541	0.106766	0.154284	0.094047	0.149781	0.121692
0.141797	0.064401	0.091288	0.140102	0.118002	0.117715	0.119855	0.129254	0.116550	0.105631
0.135211	0.074882	0.101399	0.144949	0.127460	0.112889	0.119487	0.134865	0.116099	0.110344
0.099934	0.090143	0.112412	0.145806	0.131769	0.115047	0.104117	0.131712	0.138976	0.130061
0.123640	0.094219	0.118806	0.136001	0.123587	0.115248	0.122889	0.123781	0.138898	0.133457
0.118083	0.079210	0.103311	0.143238	0.122525	0.115174	0.111300	0.131509	0.123477	0.117699
0.174652	0.060062	0.090082	0.144711	0.120304	0.128697	0.137385	0.126824	0.126757	0.110486
0.127782	0.062032	0.092524	0.153053	0.125003	0.123081	0.113566	0.136840	0.125577	0.108300
0.100515	0.090356	0.115383	0.152334	0.136570	0.112901	0.107289	0.135832	0.137204	0.127836
0.121974	0.088141	0.112497	0.135042	0.120339	0.114831	0.117822	0.119770	0.137193	0.127411
0.147197	0.065147	0.094152	0.137004	0.120118	0.114253	0.120812	0.128380	0.116983	0.107636
0.168641	0.059790	0.090247	0.134223	0.113473	0.124331	0.128786	0.124941	0.124264	0.111369
0.113413	0.088270	0.111543	0.140210	0.122968	0.108555	0.115945	0.125252	0.127791	0.126838
0.108077	0.077494	0.103181	0.150330	0.134746	0.111685	0.105131	0.135430	0.128390	0.119758
0.106264	0.097529	0.119111	0.140013	0.131786	0.109023	0.112333	0.129015	0.137973	0.136887
0.135337	0.066297	0.096541	0.152208	0.121996	0.119464	0.122595	0.132988	0.119937	0.107944
0.103558	0.103854	0.124943	0.144570	0.133553	0.114270	0.111702	0.131394	0.144181	0.140363
0.092866	0.109697	0.130106	0.154011	0.133693	0.112653	0.110488	0.133535	0.142655	0.141324
0.115760	0.087309	0.113033	0.143722	0.135047	0.111146	0.115439	0.133608	0.135136	0.129290
0.123544	0.059738	0.088351	0.158158	0.128615	0.119951	0.108257	0.134163	0.123140	0.107228
0.139265	0.061976	0.091761	0.156833	0.123204	0.118239	0.121983	0.134242	0.113429	0.101581
0.102857	0.098845	0.120685	0.141838	0.131235	0.109626	0.110468	0.131780	0.136821	0.135401
0.128322	0.081367	0.107582	0.139524	0.125389	0.109873	0.123761	0.127165	0.125549	0.120308
0.095392	0.093957	0.116029	0.159335	0.140370	0.110008	0.103069	0.140134	0.128951	0.127980
0.093641	0.104370	0.122870	0.147166	0.135908	0.110787	0.103366	0.132028	0.139433	0.138217
0.095493	0.090311	0.115913	0.157688	0.137767	0.102479	0.104741	0.132125	0.125214	0.117930
0.144372	0.067671	0.100313	0.144709	0.109710	0.114127	0.137346	0.124679	0.114387	0.105725
0.109845	0.084353	0.113400	0.147147	0.128158	0.109441	0.114983	0.128539	0.132379	0.120805
0.098183	0.073745	0.097490	0.158677	0.131816	0.109569	0.094951	0.136386	0.113027	0.114200
0.091850	0.086882	0.107875	0.165541	0.137686	0.112527	0.097555	0.140887	0.120932	0.120985
0.130666	0.071596	0.096890	0.134637	0.110144	0.111980	0.118536	0.121712	0.116553	0.105922
0.088600	0.088630	0.113173	0.153203	0.135456	0.110081	0.095827	0.132404	0.134729	0.133370
0.079044	0.094467	0.113590	0.155345	0.149605	0.105777	0.085133	0.137413	0.134396	0.142608
0.094857	0.081457	0.106275	0.158825	0.138027	0.107472	0.101052	0.133283	0.125479	0.125354
0.084097	0.095446	0.117292	0.154857	0.140832	0.105560	0.092875	0.134861	0.131235	0.138302
0.087746	0.091531	0.112646	0.155182	0.139875	0.105951	0.095323	0.134262	0.128529	0.127703
0.086780	0.089190	0.108581	0.160550	0.141937	0.103973	0.091344	0.138034	0.117969	0.123505
0.132340	0.058651	0.086280	0.138652	0.111971	0.114436	0.113215	0.123253	0.114865	0.101345
0.091822	0.087594	0.109634	0.152692	0.136748	0.104558	0.095830	0.131846	0.124336	0.126152
0.089765	0.095306	0.118078	0.148009	0.131526	0.104822	0.098294	0.124682	0.133787	0.129126
0.085533	0.090353	0.104439	0.159519	0.144268	0.104980	0.086466	0.138975	0.113023	0.131143
0.088286	0.104430	0.122554	0.154370	0.130942	0.102823	0.101771	0.128112	0.123859	0.128943
0.110710	0.068149	0.093831	0.158526	0.122796	0.108804	0.105725	0.131027	0.106491	0.103420
0.130956	0.052217	0.083673	0.172158	0.119681	0.118548	0.125445	0.127033	0.117197	0.100089
0.084790	0.108889	0.125217	0.153893	0.134955	0.103998	0.097107	0.131187	0.127178	0.138002
0.088943	0.089130	0.109569	0.152900	0.138340	0.103291	0.093538	0.132055	0.122620	0.129454
0.124054	0.048894	0.081241	0.161463	0.112357	0.115265	0.110356	0.125796	0.105250	0.099009
0.123251	0.064125	0.095465	0.142976	0.105412	0.108942	0.118485	0.116760	0.111814	0.104321
0.134980	0.050108	0.080215	0.141823	0.103149	0.117407	0.113215	0.120412	0.107499	0.094329
0.129860	0.054664	0.088348	0.160831	0.099693	0.114324	0.131023	0.113660	0.107053	0.104416
0.129654	0.065068	0.100860	0.135490	0.100938	0.104333	0.126090	0.112782	0.115618	0.110303
0.108550	0.069798	0.098710	0.145477	0.111424	0.107225	0.101983	0.119690	0.109313	0.119656
0.145524	0.049287	0.076632	0.144336	0.089786	0.128146	0.120452	0.120216	0.096408	0.092665
0.154742	0.050004	0.078767	0.136693	0.086051	0.126088	0.130553	0.114798	0.102249	0.095425
0.157681	0.078281	0.114238	0.170296	0.159972	0.162835	0.129904	0.191698	0.170281	0.153151
0.110066	0.066805	0.099566	0.146497	0.116343	0.113695	0.105057	0.121946	0.130431	0.129026
0.159140	0.051717	0.080128	0.134568	0.090862	0.125341	0.134796	0.114795	0.110408	0.094098
0.110166	0.070488	0.099405	0.148609	0.117631	0.110624	0.109438	0.124383	0.118727	0.112251
0.139059	0.059523	0.088094	0.140619	0.107658	0.142352	0.114708	0.141805	0.135100	0.127545
0.114114	0.062187	0.091197	0.144124	0.116165	0.113216	0.103065	0.124821	0.119251	0.112522
0.121764	0.074163	0.108682	0.166918	0.144999	0.143603	0.116114	0.160640	0.178138	0.161037
0.141147	0.053043	0.086959	0.137859	0.098722	0.119294	0.127686	0.117471	0.119489	0.100410
0.089935	0.095261	0.121878	0.142290	0.123873	0.106535	0.095704	0.117135	0.142060	0.150391
0.115299	0.076465	0.099757	0.149048	0.120779	0.105000	0.109826	0.126173	0.108848	0.107728
0.104344	0.082730	0.103704	0.150852	0.127332	0.101665	0.103606	0.127724	0.109538	0.111755
0.107913	0.087845	0.110383	0.148156	0.123031	0.098214	0.111131	0.124191	0.109176	0.113164
0.125323	0.068729	0.094690	0.147156	0.114861	0.106282	0.115376	0.123301	0.106435	0.103120
0.111701	0.097043	0.126285	0.133457	0.110041	0.107878	0.125472	0.109001	0.144265	0.132398
0.115697	0.082315	0.107979	0.145934	0.117351	0.104922	0.116697	0.123631	0.115281	0.109905
0.111934	0.077817	0.101296	0.150300	0.120810	0.104124	0.109988	0.124821	0.108881	0.109071
0.117045	0.056399	0.085269	0.180936	0.128339	0.105583	0.107470	0.132230	0.097079	0.095501
0.112142	0.076093	0.101162	0.151327	0.121127	0.102327	0.109963	0.125202	0.107456	0.109601
0.128625	0.067428	0.092321	0.137276	0.109921	0.105592	0.114748	0.119746	0.106382	0.103220
0.123621	0.070157	0.095259	0.150967	0.112350	0.104582	0.116309	0.123605	0.099023	0.101670
0.101367	0.099469	0.121799	0.142593	0.117233	0.109488	0.112668	0.121969	0.129858	0.132024
0.098398	0.093398	0.113439	0.153304	0.125871	0.100794	0.104665	0.126819	0.111413	0.121160
0.139211	0.066168	0.096274	0.156266	0.134869	0.119306	0.116776	0.143502	0.119686	0.111440
0.137349	0.078210	0.108646	0.144732	0.132431	0.115317	0.125422	0.138061	0.128780	0.119630
0.096736	0.090770	0.117471	0.149984	0.136961	0.113426	0.104888	0.128965	0.148475	0.134625
0.103410	0.108212	0.126306	0.144182	0.119568	0.120882	0.116462	0.123933	0.146322	0.150697
0.110189	0.095455	0.119397	0.145774	0.125258	0.110756	0.117477	0.129319	0.129832	0.127813
0.101479	0.083229	0.104461	0.148772	0.136139	0.111151	0.100987	0.135283	0.129323	0.124179
0.146406	0.056115	0.085886	0.151518	0.113940	0.130033	0.125176	0.133446	0.118648	0.100375
0.148670	0.057202	0.085814	0.145677	0.110711	0.126795	0.125432	0.128911	0.115885	0.100247
0.087480	0.108009	0.124964	0.152093	0.135220	0.109902	0.101589	0.132542	0.138880	0.147945
0.128713	0.082348	0.111505	0.135858	0.120237	0.109102	0.126368	0.120100	0.131014	0.119172
0.120132	0.062652	0.092372	0.154767	0.127703	0.117446	0.111904	0.132196	0.125798	0.109595
0.096518	0.078937	0.103453	0.165835	0.144646	0.112318	0.097341	0.142909	0.127524	0.131246
0.127071	0.064219	0.096426	0.158943	0.130567	0.119330	0.117217	0.137514	0.124688	0.109908
0.123553	0.065550	0.095612	0.158397	0.133158	0.121237	0.113919	0.140566	0.125842	0.110014
0.104979	0.077852	0.102982	0.159103	0.132634	0.113618	0.108398	0.136112	0.125645	0.118212
0.106437	0.066788	0.093628	0.164400	0.138099	0.116275	0.099245	0.144309	0.120772	0.117127
0.105490	0.069270	0.094986	0.166537	0.140153	0.116052	0.101132	0.144564	0.121631	0.118470
0.100129	0.071210	0.097862	0.162971	0.136050	0.112494	0.099006	0.136503	0.123132	0.120812
0.104313	0.064955	0.093552	0.164090	0.141077	0.116487	0.097535	0.142569	0.127198	0.125549
0.101085	0.072126	0.099867	0.159025	0.135992	0.109490	0.099707	0.137463	0.122716	0.124768
0.099505	0.083096	0.108320	0.158978	0.139626	0.109236	0.105546	0.137987	0.130402	0.131142
0.095494	0.075567	0.098741	0.163694	0.145237	0.110611	0.093813	0.144796	0.121782	0.124888
0.090334	0.095068	0.115303	0.155939	0.139332	0.108019	0.098591	0.139855	0.128241	0.133123
0.156819	0.061191	0.090321	0.137406	0.121174	0.116779	0.126012	0.119738	0.125045	0.111896
0.131955	0.083378	0.109685	0.137558	0.124622	0.113801	0.124837	0.126209	0.132811	0.126095
0.187800	0.063592	0.102585	0.113557	0.087386	0.113762	0.181774	0.095617	0.138747	0.102820
0.166895	0.060986	0.099457	0.122091	0.090205	0.107236	0.162353	0.099394	0.123842	0.098100
0.166309	0.064841	0.101876	0.121763	0.088189	0.107138	0.170009	0.093033	0.133210	0.101847
0.174062	0.061814	0.100613	0.125900	0.088501	0.109736	0.179618	0.094115	0.130841	0.098477
0.168972	0.062135	0.098331	0.118743	0.084275	0.105045	0.168778	0.092987	0.124833	0.096291
0.130750	0.085604	0.117757	0.131001	0.107621	0.105961	0.138517	0.102195	0.139015	0.119058
0.158711	0.074594	0.113602	0.113178	0.098733	0.107976	0.160553	0.096024	0.150656	0.114749
0.159473	0.067834	0.103205	0.135725	0.092192	0.113308	0.164093	0.100065	0.123309	0.103900
0.158209	0.069424	0.105785	0.129625	0.093080	0.108424	0.162742	0.100299	0.125135	0.099693
0.190830	0.064004	0.105591	0.106957	0.087689	0.117139	0.181341	0.089873	0.152313	0.107649
0.183863	0.062804	0.103339	0.116846	0.088939	0.110935	0.176404	0.095228	0.134511	0.101612
0.216533	0.053351	0.095692	0.118579	0.090492	0.117822	0.203407	0.091709	0.140354	0.095378
0.195757	0.062592	0.103858	0.114088	0.087680	0.116220	0.190004	0.094858	0.140459	0.102145
0.176098	0.067326	0.107542	0.117217	0.096183	0.108700	0.169015	0.099196	0.133883	0.104083
0.200065	0.055039	0.093495	0.114815	0.076970	0.113347	0.197480	0.089810	0.128888	0.092534
0.206568	0.054031	0.093850	0.116719	0.083293	0.117866	0.197694	0.090616	0.135592	0.095102
0.178536	0.064494	0.105526	0.124413	0.093331	0.112921	0.172575	0.098359	0.130937	0.102833
0.212181	0.057051	0.098914	0.107280	0.080427	0.118162	0.201255	0.092297	0.138696	0.096971
0.203106	0.058876	0.097989	0.112724	0.081745	0.117970	0.197989	0.092466	0.138932	0.099376
0.176049	0.062019	0.098142	0.126688	0.084033	0.113813	0.179033	0.094418	0.125468	0.099218
0.191805	0.062900	0.101777	0.112361	0.083494	0.113354	0.183973	0.093998	0.133054	0.100646
0.186642	0.060458	0.097900	0.117811	0.086040	0.113267	0.180859	0.096054	0.131325	0.098148
0.180827	0.063670	0.103831	0.117321	0.090366	0.110202	0.176857	0.097078	0.133854	0.101632
0.186574	0.057896	0.096968	0.111585	0.081367	0.107784	0.179989	0.091008	0.129824	0.095221
0.170619	0.062943	0.099786	0.114922	0.088615	0.097203	0.161626	0.094133	0.117716	0.095722
0.181075	0.059300	0.098026	0.110180	0.077623	0.102238	0.173248	0.087843	0.120588	0.092045
0.173608	0.062763	0.101539	0.116042	0.078071	0.103594	0.171875	0.086482	0.122370	0.095896
0.159706	0.061568	0.098318	0.120628	0.088277	0.098900	0.153776	0.093728	0.116854	0.098044
0.160835	0.070059	0.108009	0.114933	0.094582	0.103430	0.157779	0.092378	0.140715	0.104078
0.192355	0.058888	0.098480	0.106957	0.073192	0.108558	0.185653	0.087245	0.125673	0.091480
0.159589	0.069808	0.106465	0.117174	0.091506	0.094007	0.156054	0.089358	0.123911	0.100312
0.204353	0.054851	0.092729	0.109880	0.072687	0.111854	0.195983	0.087795	0.122193	0.088255
0.205566	0.053843	0.092144	0.108836	0.073193	0.109590	0.194039	0.088110	0.120822	0.086509
0.207730	0.055298	0.093475	0.106046	0.068258	0.114862	0.198905	0.086080	0.123884	0.091912
0.201672	0.055910	0.093952	0.111387	0.069163	0.113695	0.198194	0.086205	0.121687	0.091309
0.193160	0.057999	0.096243	0.107993	0.075587	0.106282	0.181754	0.087801	0.123864	0.090841
0.199086	0.055428	0.093666	0.107568	0.077101	0.105129	0.183542	0.088702	0.121193	0.086415
0.197718	0.055979	0.093459	0.108290	0.075626	0.105499	0.183388	0.089485	0.116971	0.084606
0.204508	0.054869	0.091347	0.106712	0.066689	0.117242	0.198623	0.085641	0.124188	0.092678
0.184012	0.061032	0.098790	0.113347	0.077348	0.103471	0.179200	0.088359	0.119014	0.090056
0.207178	0.053952	0.093979	0.103836	0.069444	0.112911	0.195205	0.086196	0.126812	0.091343
0.191822	0.056039	0.095851	0.106689	0.073400	0.104522	0.184061	0.085107	0.123695	0.090359
0.185500	0.055499	0.092207	0.111726	0.079448	0.107956	0.174106	0.093035	0.119637	0.090868
0.181508	0.057070	0.095001	0.116810	0.079554	0.106558	0.176364	0.094035	0.117549	0.090836
0.185810	0.057484	0.096806	0.118304	0.070727	0.117346	0.190850	0.087359	0.126767	0.093336
0.177103	0.059853	0.100584	0.119186	0.071074	0.112230	0.178797	0.087268	0.119264	0.093891
0.197806	0.051509	0.090402	0.106213	0.068954	0.114840	0.187943	0.090641	0.121846	0.088844
0.197904	0.055195	0.094749	0.105636	0.066822	0.112725	0.188882	0.086671	0.119696	0.091798
0.206603	0.057387	0.097640	0.101327	0.066895	0.116989	0.197637	0.084025	0.135949	0.095493
0.175595	0.057540	0.097967	0.112881	0.085632	0.103976	0.168649	0.090212	0.131664	0.095777
0.177590	0.058300	0.100484	0.111924	0.083250	0.107656	0.172443	0.086877	0.141332	0.103462
0.208503	0.057981	0.101742	0.104963	0.070028	0.121693	0.199753	0.086369	0.142206	0.102312
0.188143	0.055975	0.097486	0.109366	0.083579	0.104762	0.185114	0.089720	0.136588	0.097592
0.200085	0.058566	0.097848	0.107584	0.070125	0.118716	0.193670	0.089997	0.128776	0.093740
0.194204	0.058304	0.099047	0.103264	0.081368	0.108408	0.179579	0.088332	0.139969	0.096710
0.197098	0.055306	0.093853	0.108214	0.072684	0.112253	0.186937	0.086244	0.128429	0.093938
0.174839	0.061043	0.098390	0.106126	0.084773	0.097826	0.160163	0.087849	0.127145	0.097153
0.202602	0.056985	0.095394	0.105708	0.075550	0.106525	0.188731	0.087913	0.123250	0.088645
0.195920	0.057752	0.096539	0.110669	0.070690	0.110794	0.193216	0.086463	0.122053	0.089380
0.189062	0.062841	0.103159	0.100737	0.080872	0.105310	0.174627	0.084072	0.141585	0.101167
0.157024	0.071913	0.107581	0.127273	0.088740	0.100336	0.164515	0.093183	0.119684	0.100085
0.195078	0.060372	0.099463	0.107146	0.075122	0.106286	0.187202	0.086013	0.125966	0.092126
0.152919	0.071812	0.108093	0.128582	0.086717	0.097792	0.160121	0.091361	0.114404	0.099910
0.132537	0.076959	0.112571	0.144659	0.093838	0.094492	0.144496	0.097102	0.104608	0.103694
0.195915	0.058945	0.097457	0.100839	0.076837	0.105302	0.181351	0.084710	0.133820	0.094584
0.210400	0.063252	0.103750	0.110523	0.081364	0.126567	0.200006	0.092873	0.146926	0.103971
0.200669	0.059429	0.095921	0.113402	0.079770	0.126791	0.192066	0.089402	0.148070	0.104482
0.200637	0.055675	0.095083	0.110725	0.075608	0.115147	0.196649	0.089914	0.131268	0.094151
0.189273	0.066715	0.106387	0.109255	0.076067	0.120075	0.188314	0.087383	0.144507	0.106176
0.151506	0.066413	0.104069	0.135737	0.086230	0.116287	0.162548	0.093033	0.133106	0.109651
0.184185	0.058932	0.096256	0.119659	0.079317	0.123126	0.189146	0.091253	0.143166	0.104287
0.169939	0.066892	0.105934	0.125734	0.076848	0.118719	0.181231	0.089743	0.132942	0.110260
0.185543	0.065156	0.101428	0.116297	0.078406	0.110196	0.188947	0.090257	0.128179	0.099973
0.172336	0.061445	0.100247	0.128439	0.083867	0.116817	0.177664	0.094530	0.131156	0.103385
0.191388	0.060652	0.100455	0.117302	0.075322	0.113571	0.199580	0.091381	0.127415	0.094436
0.181082	0.060636	0.100682	0.120239	0.078723	0.113731	0.188944	0.090848	0.130898	0.100328
0.195086	0.056215	0.097596	0.120912	0.082417	0.126201	0.203155	0.091773	0.149572	0.106437
0.188218	0.059704	0.097182	0.113007	0.075447	0.114163	0.193752	0.087615	0.134670	0.100973
0.189598	0.058988	0.098846	0.117273	0.074119	0.113077	0.194659	0.091193	0.122698	0.092393
0.205577	0.054870	0.094122	0.100098	0.065465	0.114992	0.195504	0.083065	0.132781	0.094727
0.187001	0.061887	0.100417	0.118313	0.075166	0.114104	0.190746	0.090896	0.125165	0.097585
0.194510	0.060088	0.099026	0.111566	0.074958	0.122475	0.196041	0.090164	0.140755	0.106285
0.199345	0.057176	0.095767	0.116031	0.073867	0.119124	0.199405	0.089067	0.130818	0.098819
0.178869	0.065990	0.104216	0.116122	0.079379	0.111694	0.180679	0.091444	0.132726	0.102093
0.156532	0.074486	0.113296	0.126854	0.082487	0.110525	0.169466	0.091933	0.130090	0.110719
0.151827	0.072202	0.111094	0.139475	0.100317	0.110576	0.158285	0.103622	0.124146	0.109341
0.130326	0.083153	0.116928	0.128837	0.110805	0.103472	0.137329	0.102846	0.141079	0.119264
0.167422	0.079535	0.117452	0.122076	0.098370	0.117579	0.165852	0.100865	0.145599	0.117091
0.181934	0.069556	0.106903	0.113528	0.083612	0.116275	0.177700	0.093138	0.139493	0.106087
0.138258	0.092346	0.124707	0.125917	0.105226	0.112518	0.146571	0.104461	0.146328	0.125965
0.164610	0.069944	0.107481	0.118557	0.081489	0.107429	0.170343	0.090290	0.129807	0.105699
0.190578	0.060250	0.098727	0.114860	0.077641	0.114453	0.186355	0.089832	0.129945	0.101038
0.192982	0.065744	0.106211	0.105264	0.086122	0.118629	0.182667	0.091631	0.151503	0.109167
0.174640	0.066970	0.106256	0.106639	0.090703	0.106159	0.165743	0.088963	0.147134	0.107428
0.152637	0.073754	0.107875	0.121756	0.088673	0.104359	0.155468	0.093522	0.127615	0.107440
0.189175	0.059738	0.100132	0.108392	0.079451	0.106308	0.184993	0.086863	0.134678	0.098656
0.164554	0.072087	0.108662	0.126457	0.087627	0.110617	0.169111	0.095755	0.127254	0.108262
0.166260	0.073008	0.110308	0.120906	0.090591	0.114903	0.162888	0.097117	0.137628	0.111041
0.180110	0.057489	0.098010	0.113594	0.080746	0.104830	0.181267	0.090255	0.125455	0.092010
0.195666	0.055099	0.094870	0.110786	0.075323	0.108697	0.193738	0.090310	0.120924	0.087500
0.118873	0.079267	0.107618	0.133367	0.111084	0.103494	0.119376	0.107320	0.129947	0.116681
0.120308	0.086477	0.118827	0.140285	0.106818	0.104570	0.130325	0.106164	0.130923	0.119322
0.139771	0.075226	0.109210	0.119410	0.093555	0.108701	0.139264	0.094699	0.142480	0.117856
0.125002	0.080551	0.112193	0.125569	0.101686	0.107268	0.127142	0.100554	0.140420	0.122150
0.127444	0.075217	0.106090	0.135776	0.102462	0.112489	0.129735	0.103651	0.135308	0.120506
0.112372	0.074129	0.102373	0.149071	0.114418	0.103291	0.114812	0.113900	0.115890	0.108263
0.139893	0.074601	0.108314	0.129522	0.091899	0.117019	0.145959	0.100430	0.136405	0.110628
0.133505	0.089933	0.122945	0.124629	0.097116	0.110938	0.144682	0.098475	0.147493	0.124334
0.132715	0.079850	0.112524	0.128020	0.098916	0.110119	0.138665	0.098173	0.143017	0.127034
0.138201	0.064635	0.096513	0.135751	0.099409	0.108981	0.133226	0.102777	0.121959	0.100242
0.118336	0.077606	0.107398	0.142334	0.110092	0.103415	0.122157	0.107853	0.124339	0.113689
0.124769	0.077245	0.103974	0.138770	0.112410	0.103894	0.122743	0.112870	0.119310	0.107830
0.115025	0.078678	0.110182	0.140187	0.112430	0.106728	0.123889	0.105785	0.137489	0.119768
0.153732	0.060850	0.093682	0.120666	0.092649	0.113726	0.140804	0.093922	0.136983	0.110663
0.118542	0.080485	0.111556	0.139177	0.110525	0.101921	0.127963	0.106515	0.129739	0.113035
0.116011	0.077858	0.106667	0.137681	0.114533	0.105892	0.117677	0.111231	0.131439	0.113161
0.125773	0.081072	0.109582	0.136396	0.110123	0.100375	0.129401	0.108508	0.121213	0.106096
0.107433	0.087975	0.115666	0.146000	0.127576	0.103669	0.112924	0.120467	0.130746	0.118200
0.128821	0.075103	0.107873	0.132610	0.103416	0.106547	0.131773	0.103214	0.134148	0.113049
0.133724	0.066133	0.098973	0.125234	0.100550	0.105002	0.127537	0.101165	0.129970	0.108273
0.172607	0.059928	0.097418	0.108562	0.085024	0.110819	0.157421	0.092133	0.139252	0.100474
0.144016	0.070249	0.107997	0.122076	0.094461	0.109330	0.146601	0.093824	0.146894	0.113094
0.149553	0.070390	0.110096	0.116755	0.086728	0.107562	0.149714	0.090628	0.141629	0.114532
0.148019	0.064665	0.100590	0.122334	0.089950	0.109128	0.146056	0.097415	0.129197	0.103967
0.133550	0.068896	0.102204	0.120390	0.095714	0.104941	0.125479	0.095591	0.131734	0.119897
0.120978	0.076072	0.110877	0.140539	0.101386	0.100615	0.130363	0.104171	0.117566	0.115065
0.127213	0.062251	0.106190	0.135012	0.090801	0.110283	0.134372	0.094739	0.136002	0.115910
0.118694	0.073861	0.109357	0.141848	0.104445	0.100404	0.127521	0.103150	0.120965	0.112809
0.126678	0.076772	0.115449	0.121309	0.098362	0.108263	0.128704	0.095173	0.155166	0.132373
0.125411	0.068696	0.103516	0.123327	0.105987	0.105679	0.122429	0.101737	0.143326	0.119739
0.143722	0.062761	0.103651	0.121284	0.093821	0.104296	0.141240	0.095302	0.136580	0.107441
0.154617	0.071615	0.110078	0.111784	0.080537	0.110329	0.153986	0.085338	0.147223	0.123542
0.146271	0.071568	0.110634	0.117421	0.085397	0.110366	0.147027	0.087101	0.147558	0.125898
0.167713	0.065984	0.104394	0.107022	0.078656	0.112818	0.158922	0.085750	0.144950	0.114968
0.130362	0.067990	0.105384	0.118346	0.095463	0.108081	0.123954	0.090853	0.148473	0.132491
0.154426	0.067643	0.103306	0.111577	0.085117	0.105109	0.148665	0.089146	0.137343	0.111088
0.133637	0.068080	0.107912	0.113195	0.092615	0.107585	0.126629	0.090354	0.151127	0.134254
0.152034	0.068080	0.105670	0.111187	0.084523	0.105090	0.145474	0.085968	0.140196	0.119066
0.131031	0.073753	0.106460	0.137999	0.096128	0.100508	0.133114	0.100603	0.111796	0.106361
0.136867	0.061522	0.097799	0.114591	0.095774	0.110339	0.123083	0.092595	0.149866	0.123543
0.142376	0.064653	0.101101	0.112983	0.091757	0.106511	0.131940	0.089550	0.144371	0.120203
0.143661	0.061116	0.097205	0.123759	0.090455	0.109377	0.135699	0.095892	0.128618	0.106678
0.130981	0.069368	0.103953	0.125364	0.096078	0.102583	0.125492	0.097536	0.123861	0.116721
0.139900	0.066953	0.106419	0.108940	0.091874	0.104040	0.130069	0.088686	0.150871	0.125402
0.129744	0.066473	0.107355	0.118966	0.094813	0.105026	0.126915	0.093926	0.143702	0.124225
0.123575	0.063503	0.095605	0.121360	0.105714	0.106637	0.108399	0.101008	0.137176	0.122607
0.145125	0.067920	0.099552	0.111773	0.093598	0.105454	0.130192	0.094945	0.136134	0.114514
0.145953	0.065340	0.106101	0.115588	0.084464	0.107652	0.141558	0.089421	0.140105	0.114630
0.139663	0.067882	0.105791	0.117589	0.092124	0.105945	0.135856	0.097611	0.135977	0.114347
0.169881	0.056166	0.089614	0.105805	0.086564	0.122145	0.137291	0.093093	0.148226	0.112570
0.115981	0.076107	0.107785	0.134308	0.108715	0.109775	0.117564	0.107087	0.140237	0.117750
0.130042	0.058287	0.098406	0.143053	0.098795	0.107658	0.130966	0.095840	0.127068	0.107565
0.130924	0.078442	0.119927	0.130153	0.091572	0.104784	0.139142	0.092452	0.139534	0.123347
0.101733	0.073442	0.099173	0.140325	0.131322	0.102651	0.096804	0.117803	0.129247	0.125799
0.124937	0.062709	0.104102	0.130282	0.099329	0.105481	0.120031	0.093863	0.140540	0.125775
0.114775	0.070630	0.106072	0.136278	0.107520	0.103799	0.115966	0.103476	0.131772	0.122129
0.110628	0.073078	0.108300	0.144060	0.113678	0.099292	0.116935	0.105731	0.127985	0.117689
0.134165	0.054703	0.090452	0.139911	0.105744	0.104454	0.125781	0.100583	0.121702	0.102137
0.151094	0.067859	0.103782	0.113186	0.091197	0.098633	0.141785	0.092004	0.130347	0.107615
0.128527	0.074662	0.104339	0.138509	0.104393	0.094532	0.126405	0.105237	0.105921	0.106226
0.161730	0.065710	0.099094	0.112542	0.092616	0.092099	0.148558	0.092030	0.118436	0.097709
0.141186	0.072432	0.104479	0.114943	0.100152	0.099934	0.132200	0.096907	0.134860	0.114661
0.159666	0.066007	0.104188	0.111226	0.081136	0.104948	0.153337	0.087929	0.132539	0.109417
0.111129	0.071805	0.095594	0.139725	0.129672	0.097643	0.101391	0.118060	0.116535	0.113256
0.164959	0.064385	0.099456	0.105849	0.084067	0.103751	0.150997	0.087938	0.134864	0.105819
0.146578	0.063723	0.095959	0.122011	0.095131	0.097244	0.134294	0.095370	0.115317	0.100990
0.132973	0.068206	0.099435	0.122061	0.103714	0.099393	0.121101	0.098197	0.128335	0.113902
0.138047	0.070596	0.103989	0.135063	0.096807	0.092297	0.137126	0.099599	0.103418	0.102565
0.158610	0.058245	0.092023	0.113289	0.091038	0.099913	0.138899	0.095296	0.120674	0.097737
0.135223	0.074693	0.105767	0.119769	0.098086	0.099759	0.129660	0.096448	0.127969	0.113930
0.141946	0.072704	0.102825	0.124595	0.098666	0.094909	0.136860	0.097151	0.116190	0.103134
0.133233	0.085447	0.120745	0.128158	0.094547	0.111617	0.146671	0.095386	0.146900	0.127043
0.126297	0.081022	0.112341	0.136237	0.108518	0.106465	0.133529	0.109252	0.130863	0.110715
0.126351	0.081782	0.113400	0.131125	0.106088	0.106033	0.131290	0.106172	0.135146	0.116962
0.113798	0.081076	0.113909	0.125967	0.106527	0.105874	0.118082	0.101824	0.146997	0.132957
0.119682	0.075702	0.111687	0.127769	0.104309	0.109461	0.125326	0.096868	0.153800	0.134849
0.120958	0.073779	0.109537	0.134899	0.106831	0.103526	0.128036	0.100533	0.136070	0.115052
0.118244	0.087109	0.120306	0.131135	0.101891	0.104025	0.129035	0.100102	0.138107	0.126447
0.119538	0.079081	0.110554	0.130752	0.107091	0.105349	0.125372	0.104883	0.136702	0.118911
0.135764	0.071096	0.110792	0.122330	0.094662	0.112654	0.137557	0.095186	0.149964	0.124399
0.134991	0.071825	0.108679	0.121739	0.092514	0.113077	0.135027	0.094592	0.147832	0.123186
0.125882	0.065777	0.097568	0.129340	0.109283	0.110691	0.119381	0.101779	0.144683	0.123758
0.148641	0.076067	0.111972	0.117019	0.088177	0.111782	0.151366	0.092859	0.145503	0.117523
0.118617	0.071617	0.103265	0.127903	0.109711	0.106120	0.116212	0.103427	0.139566	0.122175
0.121358	0.072401	0.103544	0.126893	0.106205	0.106302	0.117935	0.101033	0.137117	0.122365
0.133011	0.073582	0.108805	0.120701	0.094949	0.108179	0.133463	0.095466	0.142111	0.122907
0.132279	0.064222	0.101051	0.126755	0.099205	0.110064	0.126396	0.095859	0.142532	0.115711
0.140320	0.075665	0.109394	0.125700	0.090058	0.109039	0.146388	0.095782	0.133988	0.112186
0.127381	0.073045	0.108563	0.124782	0.096704	0.108055	0.131088	0.097525	0.139022	0.123248
0.119251	0.073510	0.104824	0.141571	0.107155	0.104300	0.122979	0.105940	0.123124	0.112115
0.107922	0.083359	0.115000	0.135224	0.117074	0.105547	0.115597	0.107211	0.147967	0.128465
0.125543	0.079055	0.109801	0.129517	0.104362	0.105126	0.127125	0.100366	0.135006	0.119027
0.138751	0.082012	0.113576	0.120825	0.106131	0.096825	0.136899	0.099865	0.131116	0.116114
0.123859	0.077978	0.105632	0.134973	0.110285	0.101435	0.122466	0.110050	0.119967	0.109299
0.121430	0.080956	0.108809	0.135245	0.108626	0.104551	0.123903	0.110470	0.123943	0.115551
0.134615	0.078394	0.111610	0.127080	0.093811	0.105513	0.139699	0.096726	0.131279	0.112072
0.161061	0.062637	0.100779	0.110283	0.081418	0.111430	0.154006	0.089049	0.141315	0.109404
0.132751	0.077882	0.111130	0.125223	0.094916	0.107139	0.138544	0.096760	0.136716	0.116461
0.128210	0.075092	0.105693	0.129984	0.101897	0.102849	0.128060	0.100991	0.127102	0.112945
0.142278	0.067600	0.104103	0.121025	0.090708	0.108836	0.141583	0.094144	0.138336	0.111849
0.196309	0.059864	0.097843	0.114854	0.090183	0.113970	0.171544	0.100074	0.126551	0.097385
0.171350	0.068984	0.105364	0.125432	0.101488	0.108313	0.157731	0.101196	0.130495	0.111174
0.119427	0.093340	0.125714	0.143746	0.128256	0.106461	0.127486	0.115178	0.141191	0.134916
0.176572	0.073788	0.111534	0.123309	0.105187	0.114537	0.167851	0.102206	0.142763	0.117390
0.157950	0.073791	0.109498	0.126946	0.106390	0.105172	0.150354	0.097977	0.137419	0.117910
0.125563	0.089613	0.121261	0.147517	0.128680	0.113247	0.131432	0.118543	0.143615	0.132467
0.139129	0.079097	0.111814	0.139149	0.117276	0.106460	0.132318	0.111789	0.128179	0.122639
0.147668	0.079987	0.113437	0.131218	0.112373	0.109342	0.141125	0.110587	0.131545	0.118661
0.166138	0.070283	0.108329	0.122419	0.096708	0.109023	0.156468	0.098871	0.132708	0.110351
0.109159	0.086257	0.117113	0.163023	0.146822	0.103750	0.109565	0.123838	0.132255	0.136029
0.170433	0.070816	0.111127	0.134889	0.119950	0.113663	0.157357	0.112191	0.141382	0.118568
0.146201	0.083606	0.119163	0.133056	0.114956	0.115095	0.149011	0.107682	0.149760	0.129047
0.192126	0.056936	0.094347	0.124022	0.095250	0.108936	0.167181	0.101634	0.119652	0.091143
0.190401	0.056439	0.093699	0.126725	0.096779	0.111486	0.169875	0.098675	0.128379	0.093317
0.178186	0.057167	0.093847	0.133711	0.103388	0.111946	0.155182	0.107106	0.121946	0.095263
0.159747	0.069649	0.108861	0.140161	0.123739	0.107851	0.149358	0.108987	0.138034	0.116215
0.143743	0.082590	0.118169	0.136330	0.128183	0.117960	0.146316	0.114474	0.161376	0.131906
0.161913	0.079603	0.115572	0.126038	0.110732	0.113243	0.163329	0.106251	0.149687	0.120745
0.201931	0.056189	0.093536	0.117599	0.087212	0.116213	0.175819	0.096820	0.125289	0.093508
0.139141	0.082519	0.117554	0.133257	0.121309	0.106295	0.139651	0.107359	0.145426	0.124053
0.104763	0.098016	0.127860	0.154736	0.154365	0.111501	0.115261	0.127575	0.157763	0.144999
0.185230	0.064587	0.105860	0.120752	0.105848	0.108439	0.165710	0.102596	0.134040	0.106492
0.201397	0.060104	0.101569	0.119526	0.107961	0.108237	0.167988	0.101989	0.133425	0.101747
0.132292	0.084675	0.118853	0.143263	0.123273	0.109466	0.136250	0.114627	0.139063	0.126004
0.200026	0.052730	0.084686	0.115164	0.079701	0.122458	0.181575	0.093567	0.126366	0.089673
0.206800	0.055326	0.091876	0.111693	0.080234	0.118406	0.183699	0.092955	0.126852	0.089672
0.189546	0.056341	0.095619	0.123833	0.091982	0.121489	0.168996	0.103408	0.126574	0.093485
0.197409	0.057661	0.096330	0.111654	0.088812	0.103875	0.167431	0.096257	0.119073	0.091653
0.166731	0.062759	0.099312	0.125097	0.097162	0.106366	0.152790	0.094680	0.129217	0.100036
0.208317	0.054429	0.093544	0.109261	0.084955	0.108353	0.174578	0.093565	0.122805	0.089600
0.179664	0.059167	0.095532	0.119529	0.088648	0.107250	0.160443	0.095651	0.120598	0.094534
0.172559	0.059229	0.094010	0.121265	0.086535	0.108810	0.155902	0.098002	0.115899	0.093388
0.193612	0.051475	0.085104	0.113816	0.080667	0.112662	0.165530	0.096024	0.115599	0.085934
0.164178	0.067395	0.104317	0.121748	0.100672	0.098907	0.150024	0.097899	0.125579	0.105483
0.191537	0.053213	0.086676	0.116166	0.080068	0.112441	0.169071	0.093875	0.115983	0.088585
0.189377	0.053453	0.088534	0.116071	0.084960	0.113035	0.163223	0.096993	0.121371	0.090283
0.170968	0.051104	0.081109	0.125193	0.094550	0.117991	0.134879	0.110858	0.110604	0.088759
0.213298	0.051216	0.088084	0.107572	0.079305	0.116062	0.183553	0.090159	0.128721	0.087077
0.195465	0.054553	0.091345	0.112327	0.082779	0.110848	0.167779	0.094712	0.120467	0.089598
0.186926	0.055871	0.092265	0.112043	0.083804	0.109364	0.161607	0.093770	0.122743	0.091438
0.197600	0.055359	0.092379	0.113417	0.084502	0.109664	0.170361	0.094543	0.121198	0.090042
0.201082	0.053625	0.087607	0.114176	0.078879	0.117184	0.180172	0.092190	0.122693	0.087635
0.167527	0.062311	0.098701	0.124711	0.088060	0.105173	0.158395	0.092172	0.120014	0.095874
0.185828	0.056308	0.093660	0.112936	0.078886	0.109633	0.168094	0.090597	0.121324	0.093288
0.181083	0.054148	0.088352	0.116834	0.086993	0.109766	0.155033	0.095966	0.119268	0.090579
0.187725	0.054086	0.092397	0.119416	0.080121	0.114747	0.177177	0.090432	0.127923	0.092187
0.196310	0.053204	0.084817	0.111649	0.080731	0.121270	0.164712	0.099158	0.116632	0.086743
0.198638	0.051828	0.088397	0.106009	0.075786	0.115236	0.172770	0.091197	0.125129	0.088695
0.178605	0.046922	0.080714	0.122148	0.085703	0.116316	0.147689	0.101577	0.113738	0.086990
0.188628	0.052194	0.086634	0.110621	0.077108	0.112913	0.164532	0.093135	0.118763	0.090511
0.189206	0.053719	0.090870	0.114662	0.071214	0.117852	0.185730	0.087915	0.124855	0.091725
0.199160	0.050135	0.088425	0.114063	0.077896	0.115923	0.178951	0.090407	0.128337	0.093858
0.146029	0.048162	0.083150	0.139168	0.094543	0.124622	0.149205	0.109588	0.131306	0.101620
0.189603	0.048447	0.082499	0.113038	0.080316	0.114253	0.157233	0.096619	0.115326	0.086371
0.195731	0.049846	0.082783	0.107288	0.078462	0.115962	0.162398	0.095010	0.120266	0.086451
0.184258	0.051155	0.082698	0.119517	0.092236	0.120587	0.157124	0.105015	0.126641	0.090812
0.185256	0.053800	0.082252	0.121990	0.080065	0.133499	0.166142	0.102678	0.122448	0.094665
0.183344	0.052000	0.080146	0.122633	0.098480	0.137862	0.153136	0.109194	0.140782	0.098675
0.165690	0.052849	0.083986	0.134958	0.094911	0.124791	0.140902	0.112751	0.116212	0.093797
0.162250	0.050041	0.083344	0.127060	0.089279	0.121165	0.143922	0.104446	0.124432	0.099438
0.179588	0.050914	0.086857	0.117245	0.081046	0.118711	0.159255	0.095820	0.130306	0.100482
0.172151	0.066080	0.103112	0.111958	0.088221	0.101127	0.158844	0.094795	0.124314	0.101011
0.178297	0.064615	0.102309	0.107569	0.084056	0.101946	0.165132	0.090792	0.127485	0.098573
0.176213	0.065093	0.100870	0.108961	0.091711	0.099171	0.157322	0.093433	0.127257	0.099697
0.180245	0.057697	0.094226	0.111157	0.079084	0.104156	0.164216	0.090523	0.116613	0.091898
0.148497	0.069465	0.103439	0.125039	0.096434	0.098410	0.141231	0.098652	0.117177	0.105047
0.213215	0.054105	0.094237	0.102809	0.078637	0.106899	0.183432	0.089657	0.123457	0.085478
0.189151	0.059146	0.097645	0.109499	0.083401	0.099740	0.171674	0.088618	0.120773	0.092419
0.162006	0.063682	0.099419	0.122059	0.090814	0.096635	0.151301	0.093753	0.113400	0.097786
0.130064	0.076075	0.107812	0.140362	0.104154	0.094525	0.132523	0.101942	0.109885	0.107860
0.120808	0.084589	0.113603	0.135689	0.113078	0.092521	0.124931	0.104600	0.118932	0.116907
0.172871	0.067849	0.104765	0.120188	0.105397	0.102261	0.156660	0.101966	0.130019	0.105363
0.129902	0.084658	0.117809	0.139499	0.129197	0.101333	0.133697	0.108493	0.148198	0.127970
0.152606	0.072743	0.110179	0.130973	0.114220	0.099597	0.143584	0.101402	0.135119	0.115087
0.156970	0.078160	0.115022	0.130411	0.108828	0.105218	0.157664	0.102082	0.139664	0.116611
0.149127	0.080687	0.113609	0.126020	0.117846	0.104065	0.145179	0.106048	0.144553	0.120708
0.114082	0.081256	0.112437	0.148729	0.144890	0.103064	0.114700	0.118390	0.145373	0.126985
0.101178	0.089698	0.118322	0.155240	0.143736	0.101547	0.106673	0.120954	0.136183	0.136735
0.153038	0.071651	0.107767	0.128484	0.113940	0.103366	0.144544	0.106077	0.135605	0.114243
0.131945	0.079689	0.112777	0.136008	0.120671	0.100829	0.129765	0.108792	0.133199	0.122479
0.119743	0.082868	0.118088	0.150738	0.144959	0.108079	0.123160	0.120170	0.153263	0.133600
0.191061	0.054605	0.089973	0.116144	0.089430	0.112771	0.161618	0.101517	0.121580	0.092254
0.188966	0.051090	0.086372	0.122743	0.093480	0.120105	0.160794	0.101455	0.130294	0.092238
0.202535	0.054544	0.089842	0.116255	0.088560	0.115845	0.169815	0.099467	0.123111	0.089919
0.202627	0.052510	0.089406	0.113093	0.089068	0.112123	0.167158	0.097323	0.125398	0.091388
0.195315	0.061707	0.100426	0.112410	0.091704	0.110501	0.170100	0.097642	0.129572	0.100521
0.186703	0.057407	0.093034	0.112604	0.094896	0.109480	0.153660	0.105239	0.122373	0.095549
0.198352	0.057086	0.096410	0.115594	0.096794	0.110303	0.166519	0.101365	0.129190	0.095656
0.203445	0.060615	0.099077	0.118266	0.103015	0.109263	0.167307	0.105442	0.122496	0.095978
0.170318	0.054093	0.088559	0.137499	0.098731	0.114556	0.156968	0.105128	0.123200	0.092067
0.205368	0.054694	0.091245	0.120731	0.092481	0.116735	0.173397	0.100322	0.122694	0.089525
0.211769	0.054912	0.093761	0.112198	0.090177	0.113089	0.174106	0.099912	0.123696	0.092001
0.178642	0.057444	0.093461	0.123001	0.089450	0.119777	0.158277	0.104495	0.120981	0.092834
0.197315	0.053364	0.089779	0.118982	0.092608	0.117828	0.161521	0.103965	0.121882	0.090443
0.204498	0.052576	0.091366	0.109279	0.083425	0.111916	0.173852	0.092469	0.127105	0.089724
0.188987	0.058043	0.095372	0.116641	0.089755	0.112741	0.166196	0.098114	0.125055	0.094199
0.184097	0.070113	0.108509	0.112335	0.102138	0.115243	0.169278	0.100346	0.149740	0.112904
0.197026	0.057106	0.097410	0.110103	0.083854	0.107721	0.175285	0.093726	0.125678	0.094096
0.168677	0.068323	0.106369	0.124550	0.097319	0.106494	0.159743	0.097594	0.130192	0.107228
0.162209	0.066840	0.102385	0.125583	0.102374	0.102214	0.148955	0.101575	0.122004	0.104228
0.119978	0.074404	0.104199	0.151232	0.113496	0.104986	0.120590	0.117385	0.112136	0.109648
0.121935	0.081248	0.110586	0.151653	0.121161	0.098818	0.122646	0.120611	0.107928	0.114474
0.132896	0.076819	0.108880	0.145487	0.098642	0.108085	0.137972	0.110251	0.110812	0.110189
0.122297	0.083776	0.116836	0.144898	0.105217	0.114426	0.133192	0.111175	0.131286	0.117672
0.132288	0.070226	0.102158	0.146615	0.109501	0.103803	0.130484	0.113994	0.112022	0.107196
0.123801	0.065506	0.094952	0.162786	0.110131	0.109755	0.123001	0.120291	0.102418	0.095770
0.106780	0.069137	0.098519	0.172641	0.122932	0.109122	0.111071	0.123512	0.109783	0.107277
0.120680	0.068356	0.098418	0.158326	0.112902	0.107385	0.120473	0.118686	0.107214	0.101704
0.124809	0.064932	0.097857	0.156453	0.106240	0.109655	0.124347	0.115040	0.108687	0.097070
0.125414	0.072780	0.101818	0.144499	0.113232	0.109170	0.119877	0.118753	0.117023	0.107737
0.119888	0.070087	0.102601	0.152188	0.106867	0.110319	0.121756	0.114210	0.114955	0.107886
0.130840	0.073323	0.104531	0.143216	0.112915	0.106432	0.126197	0.117503	0.117984	0.105967
0.131642	0.069657	0.100581	0.154952	0.111908	0.105239	0.132258	0.118412	0.108053	0.102898
0.131805	0.067681	0.099125	0.152817	0.113953	0.109666	0.128876	0.121953	0.112456	0.102113
0.124940	0.074969	0.107069	0.148093	0.112973	0.105128	0.128742	0.114699	0.118653	0.110959
0.125771	0.064217	0.094939	0.159660	0.111932	0.108571	0.127430	0.120522	0.109307	0.096457
0.124115	0.065441	0.099761	0.168398	0.114634	0.109888	0.129392	0.123149	0.109024	0.098486
0.125018	0.071355	0.102401	0.156535	0.111595	0.109937	0.126130	0.121755	0.109635	0.107568
0.127388	0.067893	0.100002	0.151650	0.110227	0.109402	0.127065	0.118373	0.113400	0.106514
0.122292	0.067228	0.097941	0.161535	0.114858	0.112419	0.121658	0.123068	0.111400	0.104258
0.131865	0.066618	0.099171	0.156427	0.109915	0.109176	0.131444	0.119366	0.108923	0.098098
0.117992	0.071941	0.103581	0.158569	0.116017	0.108672	0.120863	0.122565	0.113174	0.107048
0.114438	0.065889	0.097231	0.177563	0.120343	0.109318	0.123624	0.122586	0.107583	0.098352
0.135252	0.063835	0.096183	0.154604	0.103022	0.110618	0.135704	0.113012	0.107752	0.094349
0.111484	0.072011	0.104350	0.167811	0.118197	0.110794	0.119957	0.119463	0.118180	0.113509
0.103154	0.066223	0.094032	0.166296	0.124977	0.107364	0.102223	0.120168	0.110969	0.116867
0.113568	0.064270	0.091346	0.166047	0.118502	0.105216	0.111303	0.116170	0.104305	0.105413
0.115925	0.065171	0.092424	0.171819	0.118545	0.102861	0.115282	0.116994	0.097351	0.095791
0.100465	0.063315	0.092480	0.171845	0.126501	0.108428	0.101682	0.118286	0.111620	0.103465
0.105769	0.065585	0.096231	0.163989	0.117966	0.111424	0.107548	0.115988	0.117062	0.114192
0.115954	0.064917	0.094894	0.161483	0.108886	0.111618	0.115721	0.116360	0.107035	0.103694
0.142874	0.061561	0.095754	0.138486	0.092513	0.112824	0.138036	0.100595	0.119160	0.107014
0.113105	0.059963	0.088279	0.158386	0.117605	0.111439	0.107872	0.114734	0.114474	0.108593
0.143479	0.057239	0.081861	0.137379	0.102160	0.111689	0.121774	0.110939	0.107713	0.100365
0.114305	0.064940	0.092575	0.159221	0.113777	0.108677	0.108340	0.117607	0.104872	0.108709
0.125121	0.062153	0.086647	0.151700	0.112794	0.104040	0.113394	0.111040	0.101770	0.100724
0.144721	0.062789	0.093180	0.123282	0.095037	0.105010	0.128893	0.104978	0.112670	0.106561
0.109291	0.064724	0.095786	0.158564	0.118819	0.108646	0.111249	0.115480	0.117821	0.104335
0.124589	0.067164	0.101748	0.160655	0.096481	0.109362	0.135159	0.105545	0.105725	0.104593
0.103961	0.062864	0.094738	0.176354	0.120037	0.108589	0.108731	0.118001	0.107227	0.109100
0.098623	0.065825	0.094959	0.185101	0.132626	0.104621	0.104413	0.123938	0.105128	0.099515
0.100262	0.063414	0.096609	0.181221	0.124301	0.105765	0.108518	0.115139	0.108533	0.105598
0.145249	0.057362	0.086734	0.137830	0.086655	0.120235	0.140093	0.103432	0.112974	0.105072
0.134172	0.059745	0.091154	0.147395	0.098178	0.111279	0.129324	0.106310	0.109004	0.103721
0.108238	0.065329	0.097451	0.171202	0.117471	0.103136	0.114884	0.112667	0.106876	0.108798
0.097299	0.063943	0.100506	0.168940	0.125997	0.109844	0.104299	0.112805	0.129476	0.116869
0.125237	0.062467	0.092054	0.159434	0.105802	0.109359	0.124472	0.108902	0.106781	0.101337
0.118749	0.063292	0.094386	0.162566	0.106425	0.107680	0.122441	0.108307	0.105813	0.105614
0.119360	0.063202	0.092201	0.157656	0.107555	0.107694	0.119486	0.108836	0.107443	0.107169
0.117718	0.066930	0.092553	0.158646	0.113314	0.105743	0.112167	0.112020	0.103496	0.107781
0.135785	0.055567	0.085354	0.142572	0.098268	0.109834	0.120174	0.106198	0.103064	0.097031
0.103014	0.057632	0.087675	0.173701	0.127103	0.105513	0.099222	0.115865	0.105642	0.099407
0.090416	0.074117	0.102461	0.171589	0.144225	0.102230	0.090347	0.121091	0.124935	0.125844
0.087750	0.076654	0.098890	0.168544	0.148610	0.115732	0.079041	0.135026	0.135765	0.143732
0.075309	0.075000	0.099551	0.179992	0.163402	0.104599	0.075160	0.133837	0.125188	0.134229
0.146506	0.058774	0.089787	0.120744	0.089806	0.115243	0.130548	0.101429	0.125290	0.110900
0.101459	0.069449	0.098629	0.170999	0.126655	0.114017	0.101737	0.125443	0.122084	0.115143
0.096616	0.069842	0.098169	0.159411	0.129900	0.109882	0.095548	0.125993	0.121951	0.117480
0.106082	0.058864	0.095625	0.171130	0.114567	0.111852	0.113227	0.110194	0.118462	0.106230
0.100304	0.068009	0.097331	0.153512	0.122598	0.118315	0.095445	0.122148	0.134564	0.133317
0.132998	0.059805	0.094375	0.152165	0.092253	0.112797	0.128832	0.107166	0.102151	0.100372
0.094116	0.068874	0.099193	0.160630	0.128893	0.117104	0.096506	0.136114	0.130892	0.121182
0.132088	0.058356	0.087003	0.137017	0.102215	0.120221	0.117105	0.119770	0.115429	0.098679
0.098816	0.072667	0.099370	0.170357	0.130637	0.114276	0.091556	0.131918	0.123467	0.138405
0.093796	0.072252	0.100720	0.165266	0.128837	0.109697	0.094790	0.123521	0.119222	0.124384
0.132877	0.072682	0.104492	0.148087	0.103228	0.096870	0.133376	0.111857	0.098054	0.101025
0.129347	0.075724	0.105934	0.143336	0.103275	0.093713	0.130848	0.109200	0.099695	0.102029
0.139204	0.072001	0.107108	0.140586	0.092156	0.096370	0.143608	0.101669	0.100567	0.100193
0.134206	0.072341	0.107336	0.154156	0.103358	0.092583	0.139840	0.109104	0.095968	0.097747
0.146284	0.065129	0.102807	0.138984	0.089990	0.102630	0.147392	0.102519	0.105879	0.095226
0.132542	0.073032	0.106080	0.144278	0.097572	0.098254	0.136228	0.105969	0.102616	0.101399
0.141785	0.071340	0.105591	0.138175	0.094469	0.097869	0.144785	0.103971	0.105073	0.099328
0.127165	0.076740	0.106221	0.144569	0.102237	0.099426	0.130136	0.108228	0.104503	0.104026
0.137278	0.076049	0.109072	0.136088	0.102220	0.096025	0.139462	0.106097	0.110195	0.102989
0.137149	0.079591	0.113075	0.134992	0.094593	0.103057	0.145581	0.102674	0.117554	0.105033
0.132263	0.074131	0.108609	0.145008	0.103949	0.104856	0.137941	0.105117	0.118710	0.109560
0.117427	0.064579	0.093528	0.163887	0.114344	0.110379	0.116671	0.117579	0.108578	0.104060
0.165951	0.065130	0.098493	0.127855	0.094458	0.109231	0.152238	0.102622	0.118878	0.100952
0.127064	0.064929	0.100469	0.156947	0.106665	0.104467	0.131208	0.107373	0.110774	0.098071
0.125843	0.072089	0.100544	0.162383	0.121485	0.103329	0.121833	0.121893	0.104640	0.104030
0.106210	0.065424	0.098032	0.173125	0.120021	0.106868	0.112711	0.115718	0.110491	0.101533
0.115355	0.069686	0.098942	0.174567	0.143231	0.110225	0.115829	0.132653	0.124230	0.111066
0.117492	0.065510	0.094551	0.166782	0.117383	0.108346	0.119484	0.115188	0.111918	0.109908
0.126533	0.068928	0.099684	0.159128	0.105541	0.109232	0.130692	0.112856	0.107809	0.103732
0.116351	0.069715	0.101165	0.169662	0.114403	0.108215	0.124391	0.118152	0.108475	0.099413
0.126515	0.062345	0.093024	0.157414	0.109400	0.112960	0.121868	0.114202	0.112628	0.101111
0.113409	0.067686	0.098917	0.171061	0.113313	0.110726	0.120536	0.118394	0.109082	0.104354
0.130211	0.070080	0.102555	0.155612	0.103213	0.110808	0.138041	0.109606	0.116778	0.110485
0.111614	0.075156	0.106065	0.174240	0.118766	0.106208	0.125753	0.120940	0.110453	0.108201
0.120164	0.067901	0.103653	0.164178	0.107617	0.107401	0.133366	0.110324	0.115912	0.104573
0.117686	0.070922	0.106001	0.164799	0.102452	0.104177	0.136696	0.107634	0.107330	0.106404
0.130564	0.068046	0.099414	0.146690	0.101718	0.111505	0.131587	0.107946	0.118936	0.109743
0.106881	0.069046	0.100838	0.179871	0.120509	0.105795	0.117368	0.120341	0.107713	0.105582
0.100592	0.071151	0.104660	0.179402	0.128880	0.109489	0.116371	0.120819	0.124134	0.124923
0.130473	0.072078	0.101053	0.158287	0.103755	0.106907	0.137840	0.112971	0.106327	0.106652
0.107085	0.068573	0.099254	0.177384	0.120510	0.109146	0.117422	0.119458	0.113055	0.111645
0.110248	0.071690	0.100897	0.163027	0.116772	0.109822	0.118750	0.114193	0.120485	0.118443
0.115136	0.067986	0.100335	0.150816	0.106672	0.112977	0.122189	0.106412	0.127200	0.120569
0.116282	0.074314	0.105719	0.166090	0.107393	0.104957	0.127216	0.111915	0.107130	0.110398
0.110095	0.067998	0.099877	0.170535	0.117668	0.110417	0.121011	0.119348	0.115141	0.104694