Intel(R) Core(TM) i5-7200U CPU @ 2.50GHz


old version :
time for reading : 11.663354 for 20 files ==> 5831.675 seconds for 10000 files
time for training : 25.784059 for 20 files ==> 12892.03 seconds for 10000 files

new version :
train epoch : 5
nodes in hidden layer : 30
leaning rate : 0.0001

time for training : 41.580465,		= 8.316 / epoch for 10000 samples
time for reading : 1.314524		for 10000 samples

1000
0.138088	0.116859	0.114021	0.133074	0.133295	0.096658	0.129191	0.169038	0.178582	0.153812
0.133067	0.149385	0.114527	0.138997	0.120574	0.101012	0.139940	0.156019	0.188715	0.161232
0.128399	0.143381	0.109931	0.129437	0.119722	0.096343	0.135580	0.155568	0.173626	0.157433
0.133779	0.125365	0.110751	0.126111	0.118399	0.098450	0.128839	0.145737	0.161050	0.148016
0.166926	0.159913	0.140497	0.152699	0.135436	0.132323	0.165336	0.175737	0.207813	0.163518
0.133842	0.132321	0.107818	0.126760	0.108624	0.101163	0.135631	0.155243	0.159972	0.146152
0.145011	0.157684	0.126896	0.140066	0.132979	0.115188	0.156547	0.172294	0.200727	0.165565
0.151217	0.165104	0.131944	0.155281	0.142092	0.122697	0.164047	0.197142	0.226148	0.175054
0.190873	0.118985	0.154370	0.142493	0.123304	0.138606	0.186923	0.167935	0.222294	0.131698
0.135696	0.140669	0.114744	0.138847	0.118473	0.105776	0.141318	0.145409	0.181347	0.151177
0.130499	0.149729	0.113223	0.133270	0.120521	0.098636	0.141098	0.156027	0.183819	0.159111
0.150941	0.143742	0.129492	0.131520	0.122041	0.116369	0.164000	0.160379	0.187502	0.147174
0.147645	0.128548	0.121331	0.136262	0.120826	0.109175	0.144856	0.163912	0.180128	0.146648
0.153974	0.116017	0.124788	0.146511	0.140728	0.113495	0.133759	0.173291	0.175717	0.162912
0.168811	0.127799	0.135786	0.139746	0.105030	0.125285	0.177378	0.161005	0.196239	0.125929
0.124799	0.136620	0.104440	0.126267	0.105635	0.096105	0.142334	0.145423	0.162350	0.144747
0.139003	0.146431	0.120157	0.134908	0.115450	0.108658	0.155117	0.155498	0.186811	0.147071
0.152535	0.141081	0.130781	0.139506	0.117436	0.116041	0.157265	0.156064	0.190764	0.142467
0.135882	0.153151	0.119950	0.138166	0.130219	0.104386	0.148404	0.168464	0.195282	0.164430
0.126264	0.128236	0.109056	0.126040	0.127643	0.091681	0.133117	0.156866	0.168573	0.155030
0.130271	0.153083	0.115795	0.132793	0.128543	0.102186	0.145915	0.158509	0.185527	0.164106
0.131038	0.114071	0.107992	0.123169	0.123279	0.091075	0.124499	0.153090	0.158127	0.147725
0.151281	0.139406	0.129494	0.139178	0.112675	0.114608	0.158337	0.153180	0.184995	0.137041
0.132452	0.144830	0.114156	0.133886	0.127985	0.101312	0.142208	0.167636	0.183300	0.160920
0.137642	0.096545	0.105903	0.131595	0.127608	0.093902	0.110581	0.147257	0.141869	0.146080
0.118418	0.124116	0.097293	0.120061	0.113777	0.090323	0.115783	0.144022	0.149743	0.146226
0.134505	0.119071	0.116199	0.141747	0.120804	0.101865	0.129304	0.148379	0.190322	0.145106
0.115528	0.125564	0.096029	0.119955	0.113472	0.086893	0.114528	0.140857	0.151431	0.148396
0.134534	0.100421	0.111202	0.137517	0.120856	0.106283	0.116065	0.130703	0.177237	0.135838
0.120476	0.110889	0.103975	0.118100	0.111543	0.087928	0.118042	0.133353	0.161854	0.133198
0.122312	0.128235	0.099536	0.122275	0.102990	0.095196	0.123720	0.143240	0.148404	0.138177
0.119969	0.127777	0.097961	0.120541	0.108640	0.094006	0.118202	0.139287	0.144001	0.143066
0.123810	0.127081	0.106151	0.130790	0.114881	0.097940	0.122422	0.140633	0.168928	0.143387
0.122587	0.126082	0.104699	0.123593	0.107624	0.095952	0.127914	0.135954	0.163818	0.137742
0.119519	0.124964	0.098176	0.122868	0.106696	0.095527	0.116691	0.133561	0.149226	0.139435
0.162827	0.096772	0.120484	0.131544	0.097195	0.119609	0.146792	0.128965	0.169725	0.111835
0.108665	0.119576	0.091393	0.113516	0.111986	0.084594	0.108101	0.126910	0.133673	0.143162
0.115817	0.126520	0.095908	0.120340	0.110127	0.090572	0.116019	0.132571	0.137627	0.144802
0.112295	0.126265	0.094800	0.114788	0.109206	0.092003	0.112797	0.130716	0.142360	0.141077
0.115313	0.122686	0.095239	0.118462	0.106187	0.088878	0.117057	0.135034	0.143901	0.139445

...

incorrectrate rate = 0.709000


3 layer 100 neurons version :

incorrectrate rate = 0.900000
time for reading : 0.540766
Epoch num : 1
Epoch num : 2
Epoch num : 3
Epoch num : 4
Epoch num : 5
train finished!!
train epoch : 5
nodes in hidden layer : 100
time for training : 146.279672


time for reading : 0.558622
Epoch num : 1
train finished!!
train epoch : 1
nodes in hidden layer : 1000
time for training : 368.7222670.001178
number of hidden layers : 3
learning rate : 0.01
0.001178    0.000129    0.000216    0.998501    0.000148    0.000164    0.000422    0.000284    0.000582    0.000190
0.001178    0.000128    0.000216    0.998499    0.000149    0.000164    0.000424    0.000287    0.000589    0.000189
test finished!!
incorrectrate rate = 0.900000



time for reading : 4.490413
Epoch num : 1
Epoch num : 2
Epoch num : 3
train epoch : 3
nodes in hidden layer : 1000
time for training : 1095.311340
lr : 0.0001
incorrectrate rate = 0.900000



Epoch num : 9
Epoch num : 10
train finished!!
train epoch : 10
nodes in hidden layer : 1000
time for training : 3648.010459
0.154531	0.015591	0.028235	0.708119	0.016928	0.021039	0.048312	0.036853	0.074262	0.024341
0.154248	0.015706	0.028212	0.709248	0.016888	0.021077	0.048217	0.036903	0.074140	0.024213
0.154485	0.015590	0.028363	0.707563	0.017026	0.021067	0.048539	0.037130	0.073709	0.024127
test finished!!
incorrectrate rate = 0.900000
lr : 0.0001







train epoch : 100
nodes in hidden layer : 30
time for training : 54.740438
0.180565	0.040227	0.067198	0.282863	0.044769	0.050432	0.099326	0.080316	0.129083	0.057657
0.180565	0.040227	0.067198	0.282863	0.044769	0.050432	0.099327	0.080316	0.129083	0.057657
0.180565	0.040227	0.067198	0.282863	0.044769	0.050432	0.099327	0.080316	0.129083	0.057657
0.180565	0.040227	0.067198	0.282863	0.044769	0.050432	0.099327	0.080316	0.129083	0.057657
0.180565	0.040226	0.067198	0.282862	0.044769	0.050431	0.099326	0.080316	0.129082	0.057657
test finished!!
incorrectrate rate = 0.900000

undetected error exist
